0	0.001	1e-08	0.24777989089488983	0.914013683795929	0.93984375	0.8328125	0.8328125	0.8453125	0.8609375
1	0.001	1e-08	0.20186670124530792	0.8372035026550293	0.95046875	0.8375	0.8328125	0.8453125	0.8609375
2	0.001	1e-08	0.1868898719549179	0.8186287879943848	0.953359375	0.8421875	0.8328125	0.8453125	0.8609375
3	0.001	1e-08	0.17461585998535156	0.8026488423347473	0.9559375	0.844140625	0.8328125	0.8453125	0.8609375
4	0.001	1e-08	0.16378732025623322	0.7882485389709473	0.9584375	0.84609375	0.8328125	0.8453125	0.8609375
5	0.001	1e-08	0.1548106074333191	0.7756913900375366	0.960078125	0.843359375	0.8328125	0.8453125	0.8609375
6	0.001	1e-08	0.1466405987739563	0.7655205726623535	0.96234375	0.844921875	0.8328125	0.8453125	0.8609375
7	0.001	1e-08	0.13968276977539062	0.7565620541572571	0.964296875	0.8484375	0.8328125	0.8453125	0.8609375
8	0.001	1e-08	0.1335231512784958	0.7484368681907654	0.9646875	0.848828125	0.8328125	0.8453125	0.8609375
9	0.001	1e-08	0.1280781328678131	0.7408847808837891	0.965078125	0.848828125	0.8328125	0.8453125	0.8609375
10	0.0001	1e-08	0.12309815734624863	0.7345148921012878	0.96625	0.85	0.8328125	0.8453125	0.8609375
11	0.0001	1e-08	0.1225990578532219	0.7341181039810181	0.9665625	0.84921875	0.8328125	0.8453125	0.8609375
12	0.0001	1e-08	0.12212619930505753	0.7336689829826355	0.966796875	0.849609375	0.8328125	0.8453125	0.8609375
13	0.0001	1e-08	0.12166595458984375	0.7332044839859009	0.966796875	0.850390625	0.8328125	0.8453125	0.8609375
14	0.0001	1e-08	0.12121452391147614	0.7327183485031128	0.966640625	0.849609375	0.8328125	0.8453125	0.8609375
15	0.0001	1e-08	0.12077124416828156	0.7320982813835144	0.966796875	0.850390625	0.8328125	0.8453125	0.8609375
16	0.0001	1e-08	0.12033022940158844	0.7315961718559265	0.966796875	0.849609375	0.8328125	0.8453125	0.8609375
17	0.0001	1e-08	0.11989494413137436	0.731077253818512	0.9671875	0.849609375	0.8328125	0.8453125	0.8609375
18	0.0001	1e-08	0.11946461349725723	0.7305768728256226	0.96734375	0.85	0.8328125	0.8453125	0.8609375
19	0.0001	1e-08	0.11903903633356094	0.730059027671814	0.9675	0.85078125	0.8328125	0.8453125	0.8609375
20	1e-05	1e-08	0.11861860007047653	0.7295947074890137	0.967734375	0.85078125	0.8328125	0.8453125	0.8609375
21	1e-05	1e-08	0.11857679486274719	0.729541540145874	0.967734375	0.85078125	0.8328125	0.8453125	0.8609375
22	1e-05	1e-08	0.11853496730327606	0.7294880151748657	0.967734375	0.85078125	0.8328125	0.8453125	0.8609375
23	1e-05	1e-08	0.1184932217001915	0.7294337153434753	0.967734375	0.85078125	0.8328125	0.8453125	0.8609375
24	1e-05	1e-08	0.1184515506029129	0.7293802499771118	0.967734375	0.85078125	0.8328125	0.8453125	0.8609375
25	1e-05	1e-08	0.11840984225273132	0.729326605796814	0.967734375	0.85078125	0.8328125	0.8453125	0.8609375
26	1e-05	1e-08	0.1183682456612587	0.7292734980583191	0.967734375	0.85078125	0.8328125	0.8453125	0.8609375
27	1e-05	1e-08	0.11832668632268906	0.7292212247848511	0.967734375	0.85078125	0.8328125	0.8453125	0.8609375
28	1e-05	1e-08	0.11828522384166718	0.7291695475578308	0.967734375	0.85078125	0.8328125	0.8453125	0.8609375
29	1e-05	1e-08	0.11824371665716171	0.7291172742843628	0.967734375	0.85078125	0.8328125	0.8453125	0.8609375
30	1e-05	1e-08	0.11820229887962341	0.7290651202201843	0.967734375	0.850390625	0.8328125	0.8453125	0.8609375
31	1e-05	1e-08	0.1181609258055687	0.7290133237838745	0.967734375	0.85	0.8328125	0.8453125	0.8609375
32	1e-05	1e-08	0.11811961978673935	0.7289615869522095	0.967734375	0.85	0.8328125	0.8453125	0.8609375
33	1e-05	1e-08	0.11807809770107269	0.728909969329834	0.967734375	0.85	0.8328125	0.8453125	0.8609375
34	1e-05	1e-08	0.1180364117026329	0.7288596034049988	0.967734375	0.85	0.8328125	0.8453125	0.8609375
35	1e-05	1e-08	0.11799468845129013	0.7288081645965576	0.967734375	0.849609375	0.8328125	0.8453125	0.8609375
36	1e-05	1e-08	0.1179526150226593	0.7287542223930359	0.967734375	0.849609375	0.8328125	0.8453125	0.8609375
37	1e-05	1e-08	0.11791040748357773	0.7287009954452515	0.967734375	0.849609375	0.8328125	0.8453125	0.8609375
38	1e-05	1e-08	0.11786828935146332	0.7286469340324402	0.967734375	0.849609375	0.8328125	0.8453125	0.8609375
39	1e-05	1e-08	0.11782621592283249	0.7285944819450378	0.9678125	0.849609375	0.8328125	0.8453125	0.8609375
40	1e-05	1e-08	0.11778418719768524	0.728540301322937	0.9678125	0.849609375	0.8328125	0.8453125	0.8609375
41	1e-05	1e-08	0.11774224042892456	0.7284873127937317	0.9678125	0.849609375	0.8328125	0.8453125	0.8609375
42	1e-05	1e-08	0.11770033836364746	0.7284349203109741	0.9678125	0.849609375	0.8328125	0.8453125	0.8609375
43	1e-05	1e-08	0.11765842139720917	0.7283812761306763	0.9678125	0.849609375	0.8328125	0.8453125	0.8609375
44	1e-05	1e-08	0.11761659383773804	0.7283287048339844	0.9678125	0.849609375	0.8328125	0.8453125	0.8609375
45	1e-05	1e-08	0.1175747960805893	0.7282752394676208	0.9678125	0.849609375	0.8328125	0.8453125	0.8609375
46	1e-05	1e-08	0.11753307282924652	0.7282225489616394	0.967890625	0.849609375	0.8328125	0.8453125	0.8609375
47	1e-05	1e-08	0.11749137938022614	0.7281696200370789	0.967890625	0.849609375	0.8328125	0.8453125	0.8609375
48	1e-05	1e-08	0.11744972318410873	0.7281179428100586	0.967890625	0.849609375	0.8328125	0.8453125	0.8609375
49	1e-05	1e-08	0.1174081340432167	0.7280648946762085	0.967890625	0.849609375	0.8328125	0.8453125	0.8609375
50	1e-05	1e-08	0.11736658960580826	0.7280136346817017	0.967890625	0.849609375	0.8328125	0.8453125	0.8609375
51	1e-05	1e-08	0.117325060069561	0.7279614210128784	0.967890625	0.849609375	0.8328125	0.8453125	0.8609375
52	1e-05	1e-08	0.11728347092866898	0.7279096841812134	0.968046875	0.849609375	0.8328125	0.8453125	0.8609375
53	1e-05	1e-08	0.11724209040403366	0.7278581857681274	0.968046875	0.849609375	0.8328125	0.8453125	0.8609375
54	1e-05	1e-08	0.11720070242881775	0.7278061509132385	0.968046875	0.849609375	0.8328125	0.8453125	0.8609375
55	1e-05	1e-08	0.117159403860569	0.7277551889419556	0.968046875	0.849609375	0.8328125	0.8453125	0.8609375
56	1e-05	1e-08	0.11711805313825607	0.7277036905288696	0.968046875	0.849609375	0.8328125	0.8453125	0.8609375
57	1e-05	1e-08	0.11707683652639389	0.727651834487915	0.968046875	0.849609375	0.8328125	0.8453125	0.8609375
58	1e-05	1e-08	0.11703569442033768	0.7276010513305664	0.968125	0.849609375	0.8328125	0.8453125	0.8609375
59	1e-05	1e-08	0.1169944778084755	0.7275511622428894	0.968125	0.849609375	0.8328125	0.8453125	0.8609375
60	1e-05	1e-08	0.11695338040590286	0.7275000214576721	0.968125	0.84921875	0.8328125	0.8453125	0.8609375
61	1e-05	1e-08	0.11691230535507202	0.7274492383003235	0.968203125	0.84921875	0.8328125	0.8453125	0.8609375
62	1e-05	1e-08	0.11687133461236954	0.727399468421936	0.968203125	0.848828125	0.8328125	0.8453125	0.8609375
63	1e-05	1e-08	0.11683028936386108	0.7273496389389038	0.968203125	0.848828125	0.8328125	0.8453125	0.8609375
64	1e-05	1e-08	0.11678937822580338	0.7272992134094238	0.968203125	0.848828125	0.8328125	0.8453125	0.8609375
65	1e-05	1e-08	0.11674850434064865	0.7272480130195618	0.96828125	0.848828125	0.8328125	0.8453125	0.8609375
66	1e-05	1e-08	0.11670760810375214	0.7272003293037415	0.96828125	0.848828125	0.8328125	0.8453125	0.8609375
67	1e-05	1e-08	0.11666686087846756	0.7271496057510376	0.968359375	0.848828125	0.8328125	0.8453125	0.8609375
68	1e-05	1e-08	0.11662609130144119	0.7271002531051636	0.968359375	0.848828125	0.8328125	0.8453125	0.8609375
69	1e-05	1e-08	0.11658535152673721	0.7270503044128418	0.968359375	0.84921875	0.8328125	0.8453125	0.8609375
70	1e-05	1e-08	0.1165446937084198	0.7269992828369141	0.968359375	0.84921875	0.8328125	0.8453125	0.8609375
71	1e-05	1e-08	0.11650402098894119	0.7269507646560669	0.968359375	0.84921875	0.8328125	0.8453125	0.8609375
72	1e-05	1e-08	0.11646341532468796	0.7269012331962585	0.96828125	0.84921875	0.8328125	0.8453125	0.8609375
73	1e-05	1e-08	0.11642295122146606	0.7268513441085815	0.96828125	0.84921875	0.8328125	0.8453125	0.8609375
74	1e-05	1e-08	0.11638239026069641	0.7268021106719971	0.96828125	0.84921875	0.8328125	0.8453125	0.8609375
75	1e-05	1e-08	0.1163419708609581	0.7267529368400574	0.96828125	0.84921875	0.8328125	0.8453125	0.8609375
76	1e-05	1e-08	0.11630146205425262	0.7267031073570251	0.96828125	0.84921875	0.8328125	0.8453125	0.8609375
77	1e-05	1e-08	0.11626115441322327	0.7266542315483093	0.96828125	0.84921875	0.8328125	0.8453125	0.8609375
78	1e-05	1e-08	0.11622077971696854	0.7266057729721069	0.96828125	0.84921875	0.8328125	0.8453125	0.8609375
79	1e-05	1e-08	0.11618056148290634	0.7265580892562866	0.968359375	0.84921875	0.8328125	0.8453125	0.8609375
80	1e-05	1e-08	0.11614026874303818	0.7265092134475708	0.968359375	0.84921875	0.8328125	0.8453125	0.8609375
81	1e-05	1e-08	0.11610010266304016	0.726459801197052	0.968359375	0.84921875	0.8328125	0.8453125	0.8609375
82	1e-05	1e-08	0.11605991423130035	0.7264097929000854	0.968359375	0.84921875	0.8328125	0.8453125	0.8609375
83	1e-05	1e-08	0.1160198524594307	0.726360559463501	0.9684375	0.84921875	0.8328125	0.8453125	0.8609375
84	1e-05	1e-08	0.11597970873117447	0.726311981678009	0.9684375	0.84921875	0.8328125	0.8453125	0.8609375
85	1e-05	1e-08	0.11593978106975555	0.726262092590332	0.9684375	0.84921875	0.8328125	0.8453125	0.8609375
86	1e-05	1e-08	0.11589972674846649	0.7262126207351685	0.96859375	0.84921875	0.8328125	0.8453125	0.8609375
87	1e-05	1e-08	0.11585983633995056	0.7261641621589661	0.96859375	0.84921875	0.8328125	0.8453125	0.8609375
88	1e-05	1e-08	0.11581986397504807	0.7261148691177368	0.96859375	0.84921875	0.8328125	0.8453125	0.8609375
89	1e-05	1e-08	0.11578010767698288	0.7260657548904419	0.96859375	0.84921875	0.8328125	0.8453125	0.8609375
90	1e-05	1e-08	0.11574020236730576	0.7260171175003052	0.96859375	0.84921875	0.8328125	0.8453125	0.8609375
91	1e-05	1e-08	0.11570040881633759	0.7259688973426819	0.96859375	0.84921875	0.8328125	0.8453125	0.8609375
92	1e-05	1e-08	0.11566072702407837	0.7259200215339661	0.96859375	0.849609375	0.8328125	0.8453125	0.8609375
93	1e-05	1e-08	0.11562100052833557	0.7258720397949219	0.96859375	0.849609375	0.8328125	0.8453125	0.8609375
94	1e-05	1e-08	0.11558130383491516	0.7258224487304688	0.96859375	0.849609375	0.8328125	0.8453125	0.8609375
95	1e-05	1e-08	0.11554176360368729	0.7257751226425171	0.96859375	0.849609375	0.8328125	0.8453125	0.8609375
96	1e-05	1e-08	0.11550212651491165	0.7257266640663147	0.96859375	0.849609375	0.8328125	0.8453125	0.8609375
97	1e-05	1e-08	0.11546260863542557	0.7256780862808228	0.96859375	0.849609375	0.8328125	0.8453125	0.8609375
98	1e-05	1e-08	0.1154230535030365	0.7256295084953308	0.96875	0.849609375	0.8328125	0.8453125	0.8609375
99	1e-05	1e-08	0.11538368463516235	0.7255808115005493	0.968828125	0.849609375	0.8328125	0.8453125	0.8609375
100	1e-05	1e-08	0.11534425616264343	0.7255318760871887	0.96890625	0.849609375	0.8328125	0.8453125	0.8609375
101	1e-05	1e-08	0.1153048723936081	0.725483775138855	0.96890625	0.849609375	0.8328125	0.8453125	0.8609375
102	1e-05	1e-08	0.11526553332805634	0.7254359126091003	0.96890625	0.849609375	0.8328125	0.8453125	0.8609375
103	1e-05	1e-08	0.11522620171308517	0.7253862619400024	0.96890625	0.849609375	0.8328125	0.8453125	0.8609375
104	1e-05	1e-08	0.11518702656030655	0.7253381013870239	0.96890625	0.849609375	0.8328125	0.8453125	0.8609375
105	1e-05	1e-08	0.11514779925346375	0.7252897024154663	0.96890625	0.849609375	0.8328125	0.8453125	0.8609375
106	1e-05	1e-08	0.11510863900184631	0.7252411246299744	0.96890625	0.849609375	0.8328125	0.8453125	0.8609375
107	1e-05	1e-08	0.11506948620080948	0.7251929640769958	0.96890625	0.849609375	0.8328125	0.8453125	0.8609375
108	1e-05	1e-08	0.11503038555383682	0.7251452803611755	0.96890625	0.849609375	0.8328125	0.8453125	0.8609375
109	1e-05	1e-08	0.11499131470918655	0.7250972986221313	0.96890625	0.849609375	0.8328125	0.8453125	0.8609375
110	1e-05	1e-08	0.11495230346918106	0.7250500917434692	0.96890625	0.849609375	0.8328125	0.8453125	0.8609375
111	1e-05	1e-08	0.11491339653730392	0.7250009775161743	0.968984375	0.849609375	0.8328125	0.8453125	0.8609375
112	1e-05	1e-08	0.1148744747042656	0.7249531745910645	0.968984375	0.849609375	0.8328125	0.8453125	0.8609375
113	1e-05	1e-08	0.11483554542064667	0.7249060869216919	0.968984375	0.849609375	0.8328125	0.8453125	0.8609375
114	1e-05	1e-08	0.1147966980934143	0.7248573303222656	0.968984375	0.849609375	0.8328125	0.8453125	0.8609375
115	1e-05	1e-08	0.11475788056850433	0.7248088121414185	0.968984375	0.849609375	0.8328125	0.8453125	0.8609375
116	1e-05	1e-08	0.11471906304359436	0.724761426448822	0.968984375	0.849609375	0.8328125	0.8453125	0.8609375
117	1e-05	1e-08	0.11468038707971573	0.724713921546936	0.968984375	0.849609375	0.8328125	0.8453125	0.8609375
118	1e-05	1e-08	0.1146416962146759	0.72466641664505	0.968984375	0.849609375	0.8328125	0.8453125	0.8609375
119	1e-05	1e-08	0.11460302025079727	0.724618136882782	0.968984375	0.849609375	0.8328125	0.8453125	0.8609375
120	1e-05	1e-08	0.114564448595047	0.724570095539093	0.968984375	0.849609375	0.8328125	0.8453125	0.8609375
121	1e-05	1e-08	0.11452586203813553	0.7245229482650757	0.968984375	0.849609375	0.8328125	0.8453125	0.8609375
122	1e-05	1e-08	0.11448730528354645	0.7244765162467957	0.968984375	0.849609375	0.8328125	0.8453125	0.8609375
123	1e-05	1e-08	0.11444887518882751	0.724429726600647	0.968984375	0.849609375	0.8328125	0.8453125	0.8609375
124	1e-05	1e-08	0.1144104078412056	0.7243820428848267	0.968984375	0.849609375	0.8328125	0.8453125	0.8609375
125	1e-05	1e-08	0.11437197774648666	0.7243345975875854	0.968984375	0.849609375	0.8328125	0.8453125	0.8609375
126	1e-05	1e-08	0.1143336370587349	0.7242876291275024	0.968984375	0.849609375	0.8328125	0.8453125	0.8609375
127	1e-05	1e-08	0.11429530382156372	0.724240779876709	0.968984375	0.849609375	0.8328125	0.8453125	0.8609375
128	1e-05	1e-08	0.11425699293613434	0.7241953015327454	0.9690625	0.849609375	0.8328125	0.8453125	0.8609375
129	1e-05	1e-08	0.11421874910593033	0.7241487503051758	0.9690625	0.849609375	0.8328125	0.8453125	0.8609375
130	1e-05	1e-08	0.11418049037456512	0.7241026163101196	0.9690625	0.849609375	0.8328125	0.8453125	0.8609375
131	1e-05	1e-08	0.11414230614900589	0.724056601524353	0.9690625	0.849609375	0.8328125	0.8453125	0.8609375
132	1e-05	1e-08	0.11410417407751083	0.7240090370178223	0.9690625	0.849609375	0.8328125	0.8453125	0.8609375
133	1e-05	1e-08	0.11406610161066055	0.7239626049995422	0.9690625	0.849609375	0.8328125	0.8453125	0.8609375
134	1e-05	1e-08	0.11402805149555206	0.7239164113998413	0.9690625	0.849609375	0.8328125	0.8453125	0.8609375
135	1e-05	1e-08	0.11399002373218536	0.7238694429397583	0.9690625	0.849609375	0.8328125	0.8453125	0.8609375
136	1e-05	1e-08	0.11395198106765747	0.7238231897354126	0.9690625	0.849609375	0.8328125	0.8453125	0.8609375
137	1e-05	1e-08	0.11391404271125793	0.7237769365310669	0.9690625	0.849609375	0.8328125	0.8453125	0.8609375
138	1e-05	1e-08	0.11387616395950317	0.7237294912338257	0.9690625	0.849609375	0.8328125	0.8453125	0.8609375
139	1e-05	1e-08	0.1138383001089096	0.72368323802948	0.9690625	0.849609375	0.8328125	0.8453125	0.8609375
140	1e-05	1e-08	0.1138005182147026	0.7236379384994507	0.9690625	0.849609375	0.8328125	0.8453125	0.8609375
141	1e-05	1e-08	0.11376264691352844	0.7235924005508423	0.9690625	0.849609375	0.8328125	0.8453125	0.8609375
142	1e-05	1e-08	0.1137249544262886	0.7235468626022339	0.9690625	0.849609375	0.8328125	0.8453125	0.8609375
143	1e-05	1e-08	0.11368720978498459	0.7235002517700195	0.9690625	0.849609375	0.8328125	0.8453125	0.8609375
144	1e-05	1e-08	0.11364950239658356	0.7234548330307007	0.9690625	0.849609375	0.8328125	0.8453125	0.8609375
145	1e-05	1e-08	0.11361189931631088	0.7234089374542236	0.9690625	0.849609375	0.8328125	0.8453125	0.8609375
146	1e-05	1e-08	0.11357428878545761	0.7233628034591675	0.9690625	0.849609375	0.8328125	0.8453125	0.8609375
147	1e-05	1e-08	0.1135367602109909	0.7233170866966248	0.9690625	0.849609375	0.8328125	0.8453125	0.8609375
148	1e-05	1e-08	0.11349916458129883	0.7232717871665955	0.9690625	0.849609375	0.8328125	0.8453125	0.8609375
149	1e-05	1e-08	0.1134617030620575	0.7232265472412109	0.9690625	0.849609375	0.8328125	0.8453125	0.8609375
150	1e-05	1e-08	0.11342422664165497	0.7231813669204712	0.9690625	0.849609375	0.8328125	0.8453125	0.8609375
151	1e-05	1e-08	0.1133868396282196	0.7231374979019165	0.969140625	0.849609375	0.8328125	0.8453125	0.8609375
152	1e-05	1e-08	0.11334943771362305	0.7230919599533081	0.969140625	0.849609375	0.8328125	0.8453125	0.8609375
153	1e-05	1e-08	0.11331210285425186	0.7230471968650818	0.969140625	0.849609375	0.8328125	0.8453125	0.8609375
154	1e-05	1e-08	0.11327487975358963	0.7230024337768555	0.969140625	0.849609375	0.8328125	0.8453125	0.8609375
155	1e-05	1e-08	0.11323757469654083	0.7229577302932739	0.969140625	0.849609375	0.8328125	0.8453125	0.8609375
156	1e-05	1e-08	0.11320038139820099	0.7229123115539551	0.969140625	0.849609375	0.8328125	0.8453125	0.8609375
157	1e-05	1e-08	0.11316314339637756	0.7228676676750183	0.969140625	0.849609375	0.8328125	0.8453125	0.8609375
158	1e-05	1e-08	0.11312597990036011	0.7228230237960815	0.969296875	0.849609375	0.8328125	0.8453125	0.8609375
159	1e-05	1e-08	0.11308891326189041	0.7227783203125	0.969296875	0.849609375	0.8328125	0.8453125	0.8609375
160	1e-05	1e-08	0.11305185407400131	0.7227334976196289	0.969296875	0.849609375	0.8328125	0.8453125	0.8609375
161	1e-05	1e-08	0.11301475763320923	0.7226890325546265	0.969296875	0.849609375	0.8328125	0.8453125	0.8609375
162	1e-05	1e-08	0.11297775059938431	0.7226444482803345	0.969375	0.849609375	0.8328125	0.8453125	0.8609375
163	1e-05	1e-08	0.11294081807136536	0.7226000428199768	0.969375	0.849609375	0.8328125	0.8453125	0.8609375
164	1e-05	1e-08	0.11290387809276581	0.722555935382843	0.969375	0.849609375	0.8328125	0.8453125	0.8609375
165	1e-05	1e-08	0.11286700516939163	0.7225121259689331	0.969375	0.849609375	0.8328125	0.8453125	0.8609375
166	1e-05	1e-08	0.11283010244369507	0.7224673628807068	0.969375	0.849609375	0.8328125	0.8453125	0.8609375
167	1e-05	1e-08	0.1127929612994194	0.7224193811416626	0.969375	0.849609375	0.8328125	0.8453125	0.8609375
168	1e-05	1e-08	0.11275579780340195	0.7223724722862244	0.969453125	0.849609375	0.8328125	0.8453125	0.8609375
169	1e-05	1e-08	0.11271871626377106	0.7223257422447205	0.969453125	0.849609375	0.8328125	0.8453125	0.8609375
170	1e-05	1e-08	0.11268158257007599	0.722278892993927	0.969453125	0.849609375	0.8328125	0.8453125	0.8609375
171	1e-05	1e-08	0.11264456063508987	0.722232460975647	0.969453125	0.849609375	0.8328125	0.8453125	0.8609375
172	1e-05	1e-08	0.11260761320590973	0.7221857905387878	0.969453125	0.849609375	0.8328125	0.8453125	0.8609375
173	1e-05	1e-08	0.11257056891918182	0.7221399545669556	0.969453125	0.849609375	0.8328125	0.8453125	0.8609375
174	1e-05	1e-08	0.11253368109464645	0.7220937609672546	0.969453125	0.849609375	0.8328125	0.8453125	0.8609375
175	1e-05	1e-08	0.11249679327011108	0.7220474481582642	0.969453125	0.849609375	0.8328125	0.8453125	0.8609375
176	1e-05	1e-08	0.1124599277973175	0.722001850605011	0.969453125	0.849609375	0.8328125	0.8453125	0.8609375
177	1e-05	1e-08	0.11242315173149109	0.7219559550285339	0.969453125	0.849609375	0.8328125	0.8453125	0.8609375
178	1e-05	1e-08	0.11238637566566467	0.7219104766845703	0.969453125	0.849609375	0.8328125	0.8453125	0.8609375
179	1e-05	1e-08	0.11234960705041885	0.7218644022941589	0.96953125	0.849609375	0.8328125	0.8453125	0.8609375
180	1e-05	1e-08	0.11231294274330139	0.7218185663223267	0.96953125	0.849609375	0.8328125	0.8453125	0.8609375
181	1e-05	1e-08	0.11227627098560333	0.7217735648155212	0.96953125	0.849609375	0.8328125	0.8453125	0.8609375
182	1e-05	1e-08	0.11223966628313065	0.7217288017272949	0.969609375	0.849609375	0.8328125	0.8453125	0.8609375
183	1e-05	1e-08	0.11220305413007736	0.721683919429779	0.969609375	0.849609375	0.8328125	0.8453125	0.8609375
184	1e-05	1e-08	0.11216651648283005	0.7216388583183289	0.969609375	0.849609375	0.8328125	0.8453125	0.8609375
185	1e-05	1e-08	0.11212998628616333	0.7215946316719055	0.969609375	0.849609375	0.8328125	0.8453125	0.8609375
186	1e-05	1e-08	0.11209350824356079	0.7215499877929688	0.969609375	0.849609375	0.8328125	0.8453125	0.8609375
187	1e-05	1e-08	0.11205709725618362	0.721505880355835	0.969609375	0.849609375	0.8328125	0.8453125	0.8609375
188	1e-05	1e-08	0.11202069371938705	0.7214608192443848	0.969609375	0.849609375	0.8328125	0.8453125	0.8609375
189	1e-05	1e-08	0.1119842603802681	0.721416175365448	0.969609375	0.849609375	0.8328125	0.8453125	0.8609375
190	1e-05	1e-08	0.11194798350334167	0.7213727831840515	0.969609375	0.849609375	0.8328125	0.8453125	0.8609375
191	1e-05	1e-08	0.11191167682409286	0.7213291525840759	0.969609375	0.849609375	0.8328125	0.8453125	0.8609375
192	1e-05	1e-08	0.11187539249658585	0.7212850451469421	0.969609375	0.849609375	0.8328125	0.8453125	0.8609375
193	1e-05	1e-08	0.111839160323143	0.7212415933609009	0.969609375	0.849609375	0.8328125	0.8453125	0.8609375
194	1e-05	1e-08	0.11180298030376434	0.721197247505188	0.969609375	0.849609375	0.8328125	0.8453125	0.8609375
195	1e-05	1e-08	0.11176685988903046	0.7211539149284363	0.969609375	0.849609375	0.8328125	0.8453125	0.8609375
196	1e-05	1e-08	0.11173073947429657	0.7211101651191711	0.969609375	0.849609375	0.8328125	0.8453125	0.8609375
197	1e-05	1e-08	0.11169464886188507	0.7210663557052612	0.969609375	0.849609375	0.8328125	0.8453125	0.8609375
198	1e-05	1e-08	0.11165857315063477	0.7210233211517334	0.969609375	0.849609375	0.8328125	0.8453125	0.8609375
199	1e-05	1e-08	0.11162256449460983	0.720980167388916	0.969609375	0.849609375	0.8328125	0.8453125	0.8609375
200	1e-05	1e-08	0.11158659309148788	0.720936119556427	0.969609375	0.849609375	0.8328125	0.8453125	0.8609375
201	1e-05	1e-08	0.11155065894126892	0.7208932042121887	0.969609375	0.849609375	0.8328125	0.8453125	0.8609375
202	1e-05	1e-08	0.11151477694511414	0.7208496332168579	0.969609375	0.849609375	0.8328125	0.8453125	0.8609375
203	1e-05	1e-08	0.11147890239953995	0.7208073735237122	0.969609375	0.849609375	0.8328125	0.8453125	0.8609375
204	1e-05	1e-08	0.11144308000802994	0.7207648158073425	0.969609375	0.849609375	0.8328125	0.8453125	0.8609375
205	1e-05	1e-08	0.11140727251768112	0.7207217812538147	0.969609375	0.849609375	0.8328125	0.8453125	0.8609375
206	1e-05	1e-08	0.1113714799284935	0.7206792831420898	0.969609375	0.849609375	0.8328125	0.8453125	0.8609375
207	1e-05	1e-08	0.11133575439453125	0.7206361889839172	0.969609375	0.849609375	0.8328125	0.8453125	0.8609375
208	1e-05	1e-08	0.11130006611347198	0.7205926775932312	0.969609375	0.849609375	0.8328125	0.8453125	0.8609375
209	1e-05	1e-08	0.11126440018415451	0.7205503582954407	0.969609375	0.849609375	0.8328125	0.8453125	0.8609375
210	1e-05	1e-08	0.11122879385948181	0.7205068469047546	0.969609375	0.849609375	0.8328125	0.8453125	0.8609375
211	1e-05	1e-08	0.11119318008422852	0.7204650640487671	0.969609375	0.849609375	0.8328125	0.8453125	0.8609375
212	1e-05	1e-08	0.1111576110124588	0.7204222679138184	0.969609375	0.849609375	0.8328125	0.8453125	0.8609375
213	1e-05	1e-08	0.11112209409475327	0.7203788161277771	0.969609375	0.849609375	0.8328125	0.8453125	0.8609375
214	1e-05	1e-08	0.11108653247356415	0.7203375101089478	0.969609375	0.849609375	0.8328125	0.8453125	0.8609375
215	1e-05	1e-08	0.11105111986398697	0.720295250415802	0.969609375	0.849609375	0.8328125	0.8453125	0.8609375
216	1e-05	1e-08	0.1110156998038292	0.7202521562576294	0.969609375	0.849609375	0.8328125	0.8453125	0.8609375
217	1e-05	1e-08	0.1109803169965744	0.7202106714248657	0.969609375	0.849609375	0.8328125	0.8453125	0.8609375
218	1e-05	1e-08	0.11094500869512558	0.720169186592102	0.969609375	0.849609375	0.8328125	0.8453125	0.8609375
219	1e-05	1e-08	0.110909603536129	0.7201269268989563	0.969609375	0.85	0.8328125	0.8453125	0.8609375
220	1e-05	1e-08	0.11087436974048615	0.7200850248336792	0.969609375	0.85	0.8328125	0.8453125	0.8609375
221	1e-05	1e-08	0.11083908379077911	0.7200421690940857	0.969609375	0.85	0.8328125	0.8453125	0.8609375
222	1e-05	1e-08	0.11080390959978104	0.7200006246566772	0.969609375	0.850390625	0.8328125	0.8453125	0.8609375
223	1e-05	1e-08	0.11076872795820236	0.7199591398239136	0.969609375	0.85078125	0.8328125	0.8453125	0.8609375
224	1e-05	1e-08	0.11073354631662369	0.7199186086654663	0.969609375	0.85078125	0.8328125	0.8453125	0.8609375
225	1e-05	1e-08	0.11069843918085098	0.7198762893676758	0.969609375	0.85078125	0.8328125	0.8453125	0.8609375
226	1e-05	1e-08	0.11066339164972305	0.7198349833488464	0.969609375	0.85078125	0.8328125	0.8453125	0.8609375
227	1e-05	1e-08	0.11062832176685333	0.7197937965393066	0.969609375	0.85078125	0.8328125	0.8453125	0.8609375
228	1e-05	1e-08	0.11059334129095078	0.7197521924972534	0.969609375	0.85078125	0.8328125	0.8453125	0.8609375
229	1e-05	1e-08	0.11055833846330643	0.719711422920227	0.969609375	0.85078125	0.8328125	0.8453125	0.8609375
230	1e-05	1e-08	0.11052337288856506	0.7196701169013977	0.9696875	0.85078125	0.8328125	0.8453125	0.8609375
231	1e-05	1e-08	0.11048848181962967	0.7196286916732788	0.9696875	0.85078125	0.8328125	0.8453125	0.8609375
232	1e-05	1e-08	0.11045360565185547	0.7195872068405151	0.9696875	0.85078125	0.8328125	0.8453125	0.8609375
233	1e-05	1e-08	0.11041872948408127	0.7195451855659485	0.9696875	0.85078125	0.8328125	0.8453125	0.8609375
234	1e-05	1e-08	0.11038392782211304	0.7195046544075012	0.9696875	0.85078125	0.8328125	0.8453125	0.8609375
235	1e-05	1e-08	0.11034910380840302	0.7194629907608032	0.9696875	0.85078125	0.8328125	0.8453125	0.8609375
236	1e-05	1e-08	0.11031437665224075	0.7194222807884216	0.9696875	0.85078125	0.8328125	0.8453125	0.8609375
237	1e-05	1e-08	0.11027964949607849	0.7193829417228699	0.9696875	0.85078125	0.8328125	0.8453125	0.8609375
238	1e-05	1e-08	0.11024503409862518	0.7193425297737122	0.9696875	0.85078125	0.8328125	0.8453125	0.8609375
239	1e-05	1e-08	0.1102103441953659	0.7193024158477783	0.9696875	0.85078125	0.8328125	0.8453125	0.8609375
240	1e-05	1e-08	0.1101757138967514	0.7192625999450684	0.9696875	0.85078125	0.8328125	0.8453125	0.8609375
241	1e-05	1e-08	0.11014114320278168	0.7192226052284241	0.9696875	0.85078125	0.8328125	0.8453125	0.8609375
242	1e-05	1e-08	0.11010656505823135	0.7191823124885559	0.9696875	0.85078125	0.8328125	0.8453125	0.8609375
243	1e-05	1e-08	0.110072061419487	0.7191422581672668	0.9696875	0.85078125	0.8328125	0.8453125	0.8609375
244	1e-05	1e-08	0.11003760993480682	0.7191033959388733	0.9696875	0.85078125	0.8328125	0.8453125	0.8609375
245	1e-05	1e-08	0.11000312864780426	0.7190623879432678	0.9696875	0.85078125	0.8328125	0.8453125	0.8609375
246	1e-05	1e-08	0.10996868461370468	0.7190214991569519	0.9696875	0.85078125	0.8328125	0.8453125	0.8609375
247	1e-05	1e-08	0.10993430763483047	0.7189812064170837	0.9696875	0.85078125	0.8328125	0.8453125	0.8609375
248	1e-05	1e-08	0.10989996045827866	0.7189408540725708	0.9696875	0.85078125	0.8328125	0.8453125	0.8609375
249	1e-05	1e-08	0.10986564308404922	0.7188999652862549	0.9696875	0.85078125	0.8328125	0.8453125	0.8609375
250	1e-05	1e-08	0.10983133316040039	0.7188601493835449	0.9696875	0.85078125	0.8328125	0.8453125	0.8609375
251	1e-05	1e-08	0.10979706794023514	0.7188203930854797	0.9696875	0.85078125	0.8328125	0.8453125	0.8609375
252	1e-05	1e-08	0.10976283997297287	0.7187796831130981	0.9696875	0.85078125	0.8328125	0.8453125	0.8609375
253	1e-05	1e-08	0.10972864180803299	0.7187398672103882	0.969765625	0.85078125	0.8328125	0.8453125	0.8609375
254	1e-05	1e-08	0.10969448834657669	0.7187007665634155	0.969765625	0.85078125	0.8328125	0.8453125	0.8609375
255	1e-05	1e-08	0.10966035723686218	0.7186613082885742	0.969765625	0.85078125	0.8328125	0.8453125	0.8609375
256	1e-05	1e-08	0.10962624847888947	0.7186208963394165	0.969765625	0.85078125	0.8328125	0.8453125	0.8609375
257	1e-05	1e-08	0.10959216952323914	0.7185825109481812	0.969765625	0.85078125	0.8328125	0.8453125	0.8609375
258	1e-05	1e-08	0.10955816507339478	0.7185420989990234	0.969765625	0.851953125	0.8328125	0.8453125	0.8609375
259	1e-05	1e-08	0.10952417552471161	0.7185031175613403	0.969765625	0.851953125	0.8328125	0.8453125	0.8609375
260	1e-05	1e-08	0.10949016362428665	0.7184630036354065	0.969765625	0.851953125	0.8328125	0.8453125	0.8609375
261	1e-05	1e-08	0.10945623368024826	0.7184229493141174	0.969765625	0.851953125	0.8328125	0.8453125	0.8609375
262	1e-05	1e-08	0.10942231118679047	0.7183838486671448	0.969765625	0.851953125	0.8328125	0.8453125	0.8609375
263	1e-05	1e-08	0.10938844084739685	0.7183454632759094	0.969765625	0.851953125	0.8328125	0.8453125	0.8609375
264	1e-05	1e-08	0.10935459285974503	0.7183057069778442	0.969765625	0.851953125	0.8328125	0.8453125	0.8609375
265	1e-05	1e-08	0.10932076722383499	0.7182663679122925	0.969765625	0.851953125	0.8328125	0.8453125	0.8609375
266	1e-05	1e-08	0.10928699374198914	0.7182273864746094	0.969765625	0.851953125	0.8328125	0.8453125	0.8609375
267	1e-05	1e-08	0.10925321280956268	0.7181890606880188	0.969765625	0.851953125	0.8328125	0.8453125	0.8609375
268	1e-05	1e-08	0.10921954363584518	0.7181494832038879	0.969765625	0.851953125	0.8328125	0.8453125	0.8609375
269	1e-05	1e-08	0.10918582230806351	0.7181102633476257	0.969765625	0.851953125	0.8328125	0.8453125	0.8609375
270	1e-05	1e-08	0.10915214568376541	0.7180708646774292	0.969765625	0.851953125	0.8328125	0.8453125	0.8609375
271	1e-05	1e-08	0.10911853611469269	0.7180314064025879	0.969765625	0.851953125	0.8328125	0.8453125	0.8609375
272	1e-05	1e-08	0.10908494889736176	0.7179928421974182	0.969765625	0.851953125	0.8328125	0.8453125	0.8609375
273	1e-05	1e-08	0.10905139148235321	0.7179540395736694	0.969765625	0.851953125	0.8328125	0.8453125	0.8609375
274	1e-05	1e-08	0.10901784151792526	0.7179157137870789	0.969765625	0.851953125	0.8328125	0.8453125	0.8609375
275	1e-05	1e-08	0.1089843362569809	0.717876672744751	0.969765625	0.851953125	0.8328125	0.8453125	0.8609375
276	1e-05	1e-08	0.10895086079835892	0.7178372740745544	0.969765625	0.851953125	0.8328125	0.8453125	0.8609375
277	1e-05	1e-08	0.10891744494438171	0.7177983522415161	0.969765625	0.851953125	0.8328125	0.8453125	0.8609375
278	1e-05	1e-08	0.10888402909040451	0.7177602052688599	0.969765625	0.851953125	0.8328125	0.8453125	0.8609375
279	1e-05	1e-08	0.10885067284107208	0.7177215814590454	0.969765625	0.851953125	0.8328125	0.8453125	0.8609375
280	1e-05	1e-08	0.10881731659173965	0.717682957649231	0.969765625	0.851953125	0.8328125	0.8453125	0.8609375
281	1e-05	1e-08	0.10878399014472961	0.7176453471183777	0.969765625	0.851953125	0.8328125	0.8453125	0.8609375
282	1e-05	1e-08	0.10875070840120316	0.7176072001457214	0.969921875	0.851953125	0.8328125	0.8453125	0.8609375
283	1e-05	1e-08	0.10871747881174088	0.7175696492195129	0.969921875	0.851953125	0.8328125	0.8453125	0.8609375
284	1e-05	1e-08	0.10868420451879501	0.7175312042236328	0.969921875	0.851953125	0.8328125	0.8453125	0.8609375
285	1e-05	1e-08	0.1086510494351387	0.7174925804138184	0.969921875	0.851953125	0.8328125	0.8453125	0.8609375
286	1e-05	1e-08	0.1086178794503212	0.7174550294876099	0.969921875	0.851953125	0.8328125	0.8453125	0.8609375
287	1e-05	1e-08	0.10858473181724548	0.7174171805381775	0.969921875	0.851953125	0.8328125	0.8453125	0.8609375
288	1e-05	1e-08	0.10855161398649216	0.7173786163330078	0.969921875	0.851953125	0.8328125	0.8453125	0.8609375
289	1e-05	1e-08	0.1085185781121254	0.7173409461975098	0.97	0.851953125	0.8328125	0.8453125	0.8609375
290	1e-05	1e-08	0.10848552733659744	0.7173030972480774	0.97	0.851953125	0.8328125	0.8453125	0.8609375
291	1e-05	1e-08	0.10845253616571426	0.7172651886940002	0.969921875	0.851953125	0.8328125	0.8453125	0.8609375
292	1e-05	1e-08	0.10841955989599228	0.717227578163147	0.969921875	0.851953125	0.8328125	0.8453125	0.8609375
293	1e-05	1e-08	0.10838660597801208	0.7171894311904907	0.969921875	0.851953125	0.8328125	0.8453125	0.8609375
294	1e-05	1e-08	0.10835371911525726	0.7171527743339539	0.97	0.851953125	0.8328125	0.8453125	0.8609375
295	1e-05	1e-08	0.10832080245018005	0.7171153426170349	0.97	0.851953125	0.8328125	0.8453125	0.8609375
296	1e-05	1e-08	0.10828794538974762	0.7170780897140503	0.97	0.851953125	0.8328125	0.8453125	0.8609375
297	1e-05	1e-08	0.10825510323047638	0.7170401811599731	0.97	0.851953125	0.8328125	0.8453125	0.8609375
298	1e-05	1e-08	0.10822231322526932	0.717003345489502	0.97	0.851953125	0.8328125	0.8453125	0.8609375
299	1e-05	1e-08	0.10818952322006226	0.7169647216796875	0.97	0.851953125	0.8328125	0.8453125	0.8609375
300	1e-05	1e-08	0.10815681517124176	0.7169274091720581	0.97	0.851953125	0.8328125	0.8453125	0.8609375
301	1e-05	1e-08	0.10812408477067947	0.7168906927108765	0.97	0.851953125	0.8328125	0.8453125	0.8609375
302	1e-05	1e-08	0.10809141397476196	0.7168534398078918	0.97	0.851953125	0.8328125	0.8453125	0.8609375
303	1e-05	1e-08	0.10805876553058624	0.7168163061141968	0.97	0.851953125	0.8328125	0.8453125	0.8609375
304	1e-05	1e-08	0.10802613943815231	0.7167784571647644	0.97	0.8515625	0.8328125	0.8453125	0.8609375
305	1e-05	1e-08	0.10799357295036316	0.7167415618896484	0.97	0.8515625	0.8328125	0.8453125	0.8609375
306	1e-05	1e-08	0.10796099901199341	0.7167044878005981	0.970078125	0.8515625	0.8328125	0.8453125	0.8609375
307	1e-05	1e-08	0.10792848467826843	0.7166659235954285	0.970078125	0.8515625	0.8328125	0.8453125	0.8609375
308	1e-05	1e-08	0.10789598524570465	0.7166301608085632	0.970078125	0.8515625	0.8328125	0.8453125	0.8609375
309	1e-05	1e-08	0.10786348581314087	0.7165931463241577	0.970078125	0.8515625	0.8328125	0.8453125	0.8609375
310	1e-05	1e-08	0.10783106833696365	0.7165565490722656	0.970078125	0.8515625	0.8328125	0.8453125	0.8609375
311	1e-05	1e-08	0.10779865086078644	0.7165189981460571	0.970078125	0.8515625	0.8328125	0.8453125	0.8609375
312	1e-05	1e-08	0.1077662855386734	0.7164823412895203	0.970078125	0.8515625	0.8328125	0.8453125	0.8609375
313	1e-05	1e-08	0.10773392021656036	0.7164459228515625	0.970078125	0.8515625	0.8328125	0.8453125	0.8609375
314	1e-05	1e-08	0.10770156979560852	0.7164093255996704	0.970078125	0.8515625	0.8328125	0.8453125	0.8609375
315	1e-05	1e-08	0.10766928642988205	0.71637362241745	0.970078125	0.8515625	0.8328125	0.8453125	0.8609375
316	1e-05	1e-08	0.10763707756996155	0.7163366079330444	0.970078125	0.8515625	0.8328125	0.8453125	0.8609375
317	1e-05	1e-08	0.10760480910539627	0.7163004875183105	0.970078125	0.8515625	0.8328125	0.8453125	0.8609375
318	1e-05	1e-08	0.10757260024547577	0.7162628173828125	0.970078125	0.8515625	0.8328125	0.8453125	0.8609375
319	1e-05	1e-08	0.10754044353961945	0.7162264585494995	0.970078125	0.8515625	0.8328125	0.8453125	0.8609375
320	1e-05	1e-08	0.10750829428434372	0.7161908149719238	0.970078125	0.8515625	0.8328125	0.8453125	0.8609375
321	1e-05	1e-08	0.10747615993022919	0.7161546945571899	0.970078125	0.8515625	0.8328125	0.8453125	0.8609375
322	1e-05	1e-08	0.10744407773017883	0.7161188125610352	0.970078125	0.8515625	0.8328125	0.8453125	0.8609375
323	1e-05	1e-08	0.10741201043128967	0.7160822153091431	0.970078125	0.8515625	0.8328125	0.8453125	0.8609375
324	1e-05	1e-08	0.10738000273704529	0.7160448431968689	0.970078125	0.8515625	0.8328125	0.8453125	0.8609375
325	1e-05	1e-08	0.10734796524047852	0.7160077095031738	0.970078125	0.8515625	0.8328125	0.8453125	0.8609375
326	1e-05	1e-08	0.1073160246014595	0.7159707546234131	0.970078125	0.8515625	0.8328125	0.8453125	0.8609375
327	1e-05	1e-08	0.10728409141302109	0.7159339785575867	0.970078125	0.8515625	0.8328125	0.8453125	0.8609375
328	1e-05	1e-08	0.10725215822458267	0.7158972024917603	0.970078125	0.8515625	0.8328125	0.8453125	0.8609375
329	1e-05	1e-08	0.10722024738788605	0.7158617377281189	0.970078125	0.8515625	0.8328125	0.8453125	0.8609375
330	1e-05	1e-08	0.10718842595815659	0.7158247232437134	0.970078125	0.8515625	0.8328125	0.8453125	0.8609375
331	1e-05	1e-08	0.10715657472610474	0.7157882452011108	0.970078125	0.851953125	0.8328125	0.8453125	0.8609375
332	1e-05	1e-08	0.10712478309869766	0.7157512903213501	0.970078125	0.851953125	0.8328125	0.8453125	0.8609375
333	1e-05	1e-08	0.10709299147129059	0.7157154083251953	0.970078125	0.851953125	0.8328125	0.8453125	0.8609375
334	1e-05	1e-08	0.10706127434968948	0.7156785130500793	0.970078125	0.851953125	0.8328125	0.8453125	0.8609375
335	1e-05	1e-08	0.10702956467866898	0.7156429290771484	0.970078125	0.851953125	0.8328125	0.8453125	0.8609375
336	1e-05	1e-08	0.10699786990880966	0.7156073451042175	0.970078125	0.851953125	0.8328125	0.8453125	0.8609375
337	1e-05	1e-08	0.10696618258953094	0.7155712246894836	0.970078125	0.851953125	0.8328125	0.8453125	0.8609375
338	1e-05	1e-08	0.10693458467721939	0.7155347466468811	0.970078125	0.851953125	0.8328125	0.8453125	0.8609375
339	1e-05	1e-08	0.10690298676490784	0.7154982686042786	0.970078125	0.851953125	0.8328125	0.8453125	0.8609375
340	1e-05	1e-08	0.10687141120433807	0.7154625058174133	0.970078125	0.851953125	0.8328125	0.8453125	0.8609375
341	1e-05	1e-08	0.1068398579955101	0.7154260873794556	0.969921875	0.851953125	0.8328125	0.8453125	0.8609375
342	1e-05	1e-08	0.10680835694074631	0.7153903245925903	0.969921875	0.851953125	0.8328125	0.8453125	0.8609375
343	1e-05	1e-08	0.10677686333656311	0.7153545618057251	0.969921875	0.851953125	0.8328125	0.8453125	0.8609375
344	1e-05	1e-08	0.10674537718296051	0.7153194546699524	0.969921875	0.851953125	0.8328125	0.8453125	0.8609375
345	1e-05	1e-08	0.10671398043632507	0.7152841687202454	0.969921875	0.851953125	0.8328125	0.8453125	0.8609375
346	1e-05	1e-08	0.10668256878852844	0.7152482867240906	0.969921875	0.851953125	0.8328125	0.8453125	0.8609375
347	1e-05	1e-08	0.10665120929479599	0.7152121663093567	0.969921875	0.851953125	0.8328125	0.8453125	0.8609375
348	1e-05	1e-08	0.10661985725164413	0.7151767015457153	0.969921875	0.851953125	0.8328125	0.8453125	0.8609375
349	1e-05	1e-08	0.10658851265907288	0.715141236782074	0.969921875	0.851953125	0.8328125	0.8453125	0.8609375
350	1e-05	1e-08	0.1065572202205658	0.7151046991348267	0.969921875	0.851953125	0.8328125	0.8453125	0.8609375
351	1e-05	1e-08	0.10652594268321991	0.7150686383247375	0.969921875	0.85234375	0.8328125	0.8453125	0.8609375
352	1e-05	1e-08	0.10649475455284119	0.715032696723938	0.969921875	0.85234375	0.8328125	0.8453125	0.8609375
353	1e-05	1e-08	0.10646350681781769	0.7149969935417175	0.969921875	0.85234375	0.8328125	0.8453125	0.8609375
354	1e-05	1e-08	0.10643234848976135	0.7149616479873657	0.969921875	0.85234375	0.8328125	0.8453125	0.8609375
355	1e-05	1e-08	0.10640117526054382	0.7149249911308289	0.969921875	0.85234375	0.8328125	0.8453125	0.8609375
356	1e-05	1e-08	0.10637004673480988	0.71489018201828	0.969921875	0.85234375	0.8328125	0.8453125	0.8609375
357	1e-05	1e-08	0.10633895546197891	0.7148545384407043	0.969921875	0.85234375	0.8328125	0.8453125	0.8609375
358	1e-05	1e-08	0.10630788654088974	0.7148193717002869	0.96984375	0.85234375	0.8328125	0.8453125	0.8609375
359	1e-05	1e-08	0.10627683997154236	0.7147828340530396	0.96984375	0.85234375	0.8328125	0.8453125	0.8609375
360	1e-05	1e-08	0.10624582320451736	0.7147470712661743	0.96984375	0.85234375	0.8328125	0.8453125	0.8609375
361	1e-05	1e-08	0.10621480643749237	0.7147116661071777	0.96984375	0.85234375	0.8328125	0.8453125	0.8609375
362	1e-05	1e-08	0.10618387162685394	0.7146763205528259	0.96984375	0.85234375	0.8328125	0.8453125	0.8609375
363	1e-05	1e-08	0.10615291446447372	0.714640200138092	0.96984375	0.85234375	0.8328125	0.8453125	0.8609375
364	1e-05	1e-08	0.10612201690673828	0.7146061062812805	0.96984375	0.85234375	0.8328125	0.8453125	0.8609375
365	1e-05	1e-08	0.10609113425016403	0.7145706415176392	0.96984375	0.85234375	0.8328125	0.8453125	0.8609375
366	1e-05	1e-08	0.10606030374765396	0.7145341038703918	0.96984375	0.85234375	0.8328125	0.8453125	0.8609375
367	1e-05	1e-08	0.1060294508934021	0.7144983410835266	0.96984375	0.85234375	0.8328125	0.8453125	0.8609375
368	1e-05	1e-08	0.10599866509437561	0.7144641876220703	0.96984375	0.85234375	0.8328125	0.8453125	0.8609375
369	1e-05	1e-08	0.10596788674592972	0.7144288420677185	0.96984375	0.85234375	0.8328125	0.8453125	0.8609375
370	1e-05	1e-08	0.10593715310096741	0.7143933176994324	0.96984375	0.85234375	0.8328125	0.8453125	0.8609375
371	1e-05	1e-08	0.1059064194560051	0.7143573760986328	0.96984375	0.85234375	0.8328125	0.8453125	0.8609375
372	1e-05	1e-08	0.10587572306394577	0.7143222689628601	0.96984375	0.85234375	0.8328125	0.8453125	0.8609375
373	1e-05	1e-08	0.10584507137537003	0.7142881155014038	0.96984375	0.85234375	0.8328125	0.8453125	0.8609375
374	1e-05	1e-08	0.10581441223621368	0.7142528891563416	0.96984375	0.85234375	0.8328125	0.8453125	0.8609375
375	1e-05	1e-08	0.10578380525112152	0.7142186164855957	0.96984375	0.85234375	0.8328125	0.8453125	0.8609375
376	1e-05	1e-08	0.10575322061777115	0.7141827940940857	0.96984375	0.85234375	0.8328125	0.8453125	0.8609375
377	1e-05	1e-08	0.10572266578674316	0.7141477465629578	0.969921875	0.85234375	0.8328125	0.8453125	0.8609375
378	1e-05	1e-08	0.10569214820861816	0.7141134738922119	0.969921875	0.85234375	0.8328125	0.8453125	0.8609375
379	1e-05	1e-08	0.10566163808107376	0.7140786051750183	0.969921875	0.85234375	0.8328125	0.8453125	0.8609375
380	1e-05	1e-08	0.10563115030527115	0.7140442132949829	0.970078125	0.85234375	0.8328125	0.8453125	0.8609375
381	1e-05	1e-08	0.10560072213411331	0.7140086889266968	0.970078125	0.85234375	0.8328125	0.8453125	0.8609375
382	1e-05	1e-08	0.10557031631469727	0.7139747738838196	0.970078125	0.85234375	0.8328125	0.8453125	0.8609375
383	1e-05	1e-08	0.10553991049528122	0.7139402627944946	0.970078125	0.85234375	0.8328125	0.8453125	0.8609375
384	1e-05	1e-08	0.10550954937934875	0.7139052152633667	0.970078125	0.85234375	0.8328125	0.8453125	0.8609375
385	1e-05	1e-08	0.10547920316457748	0.7138712406158447	0.970078125	0.85234375	0.8328125	0.8453125	0.8609375
386	1e-05	1e-08	0.1054488867521286	0.7138361930847168	0.970078125	0.85234375	0.8328125	0.8453125	0.8609375
387	1e-05	1e-08	0.10541859269142151	0.71380215883255	0.970078125	0.85234375	0.8328125	0.8453125	0.8609375
388	1e-05	1e-08	0.105388343334198	0.7137680053710938	0.970078125	0.85234375	0.8328125	0.8453125	0.8609375
389	1e-05	1e-08	0.10535812377929688	0.7137335538864136	0.970078125	0.85234375	0.8328125	0.8453125	0.8609375
390	1e-05	1e-08	0.10532790422439575	0.71369868516922	0.970078125	0.85234375	0.8328125	0.8453125	0.8609375
391	1e-05	1e-08	0.10529771447181702	0.7136639356613159	0.97015625	0.85234375	0.8328125	0.8453125	0.8609375
392	1e-05	1e-08	0.10526756197214127	0.7136296629905701	0.97015625	0.85234375	0.8328125	0.8453125	0.8609375
393	1e-05	1e-08	0.1052374616265297	0.7135957479476929	0.97015625	0.85234375	0.8328125	0.8453125	0.8609375
394	1e-05	1e-08	0.10520733892917633	0.7135611176490784	0.97015625	0.85234375	0.8328125	0.8453125	0.8609375
395	1e-05	1e-08	0.10517726838588715	0.7135265469551086	0.97015625	0.85234375	0.8328125	0.8453125	0.8609375
396	1e-05	1e-08	0.10514721274375916	0.7134930491447449	0.97015625	0.85234375	0.8328125	0.8453125	0.8609375
397	1e-05	1e-08	0.10511720925569534	0.7134591341018677	0.970234375	0.85234375	0.8328125	0.8453125	0.8609375
398	1e-05	1e-08	0.10508721321821213	0.7134241461753845	0.970234375	0.85234375	0.8328125	0.8453125	0.8609375
399	1e-05	1e-08	0.10505721718072891	0.7133902311325073	0.970234375	0.85234375	0.8328125	0.8453125	0.8609375
400	1e-05	1e-08	0.10502729564905167	0.7133572697639465	0.970234375	0.85234375	0.8328125	0.8453125	0.8609375
401	1e-05	1e-08	0.10499735176563263	0.7133235931396484	0.970234375	0.85234375	0.8328125	0.8453125	0.8609375
402	1e-05	1e-08	0.10496746003627777	0.7132893800735474	0.970234375	0.85234375	0.8328125	0.8453125	0.8609375
403	1e-05	1e-08	0.1049376130104065	0.7132543921470642	0.970234375	0.85234375	0.8328125	0.8453125	0.8609375
404	1e-05	1e-08	0.10490774363279343	0.7132203578948975	0.970234375	0.85234375	0.8328125	0.8453125	0.8609375
405	1e-05	1e-08	0.10487794131040573	0.7131869196891785	0.970234375	0.85234375	0.8328125	0.8453125	0.8609375
406	1e-05	1e-08	0.10484814643859863	0.7131532430648804	0.9703125	0.85234375	0.8328125	0.8453125	0.8609375
407	1e-05	1e-08	0.10481840372085571	0.7131196856498718	0.9703125	0.85234375	0.8328125	0.8453125	0.8609375
408	1e-05	1e-08	0.104788638651371	0.7130862474441528	0.9703125	0.85234375	0.8328125	0.8453125	0.8609375
409	1e-05	1e-08	0.10475891828536987	0.7130540013313293	0.9703125	0.85234375	0.8328125	0.8453125	0.8609375
410	1e-05	1e-08	0.10472923517227173	0.7130208015441895	0.9703125	0.85234375	0.8328125	0.8453125	0.8609375
411	1e-05	1e-08	0.10469957441091537	0.7129873037338257	0.9703125	0.85234375	0.8328125	0.8453125	0.8609375
412	1e-05	1e-08	0.10466994345188141	0.7129533886909485	0.9703125	0.85234375	0.8328125	0.8453125	0.8609375
413	1e-05	1e-08	0.10464030504226685	0.712921142578125	0.9703125	0.85234375	0.8328125	0.8453125	0.8609375
414	1e-05	1e-08	0.10461077094078064	0.7128873467445374	0.9703125	0.85234375	0.8328125	0.8453125	0.8609375
415	1e-05	1e-08	0.10458118468523026	0.7128542065620422	0.9703125	0.851953125	0.8328125	0.8453125	0.8609375
416	1e-05	1e-08	0.10455162078142166	0.7128212451934814	0.9703125	0.851953125	0.8328125	0.8453125	0.8609375
417	1e-05	1e-08	0.10452213138341904	0.7127878069877625	0.9703125	0.851953125	0.8328125	0.8453125	0.8609375
418	1e-05	1e-08	0.1044926568865776	0.7127545475959778	0.9703125	0.851953125	0.8328125	0.8453125	0.8609375
419	1e-05	1e-08	0.10446318984031677	0.712721049785614	0.9703125	0.85234375	0.8328125	0.8453125	0.8609375
420	1e-05	1e-08	0.10443373769521713	0.712688148021698	0.970234375	0.85234375	0.8328125	0.8453125	0.8609375
421	1e-05	1e-08	0.10440433770418167	0.7126558423042297	0.970234375	0.85234375	0.8328125	0.8453125	0.8609375
422	1e-05	1e-08	0.104374960064888	0.7126230001449585	0.970234375	0.85234375	0.8328125	0.8453125	0.8609375
423	1e-05	1e-08	0.10434559732675552	0.7125911712646484	0.970234375	0.85234375	0.8328125	0.8453125	0.8609375
424	1e-05	1e-08	0.10431625694036484	0.7125577926635742	0.9703125	0.85234375	0.8328125	0.8453125	0.8609375
425	1e-05	1e-08	0.10428693890571594	0.7125247716903687	0.9703125	0.85234375	0.8328125	0.8453125	0.8609375
426	1e-05	1e-08	0.10425765812397003	0.7124916911125183	0.9703125	0.85234375	0.8328125	0.8453125	0.8609375
427	1e-05	1e-08	0.10422840714454651	0.7124580144882202	0.9703125	0.85234375	0.8328125	0.8453125	0.8609375
428	1e-05	1e-08	0.10419916361570358	0.712424635887146	0.9703125	0.85234375	0.8328125	0.8453125	0.8609375
429	1e-05	1e-08	0.10416997224092484	0.7123919129371643	0.9703125	0.85234375	0.8328125	0.8453125	0.8609375
430	1e-05	1e-08	0.10414078086614609	0.7123590707778931	0.970390625	0.85234375	0.8328125	0.8453125	0.8609375
431	1e-05	1e-08	0.10411161184310913	0.7123271226882935	0.970390625	0.85234375	0.8328125	0.8453125	0.8609375
432	1e-05	1e-08	0.10408248752355576	0.7122955322265625	0.970390625	0.85234375	0.8328125	0.8453125	0.8609375
433	1e-05	1e-08	0.10405336320400238	0.7122620344161987	0.970390625	0.85234375	0.8328125	0.8453125	0.8609375
434	1e-05	1e-08	0.10402426868677139	0.7122290730476379	0.970390625	0.85234375	0.8328125	0.8453125	0.8609375
435	1e-05	1e-08	0.10399523377418518	0.7121978998184204	0.97046875	0.851953125	0.8328125	0.8453125	0.8609375
436	1e-05	1e-08	0.10396621376276016	0.712165355682373	0.97046875	0.851953125	0.8328125	0.8453125	0.8609375
437	1e-05	1e-08	0.10393721610307693	0.712131679058075	0.97046875	0.851953125	0.8328125	0.8453125	0.8609375
438	1e-05	1e-08	0.10390818864107132	0.7121005058288574	0.97046875	0.851953125	0.8328125	0.8453125	0.8609375
439	1e-05	1e-08	0.10387924313545227	0.7120688557624817	0.97046875	0.851953125	0.8328125	0.8453125	0.8609375
440	1e-05	1e-08	0.10385032743215561	0.7120367288589478	0.97046875	0.851953125	0.8328125	0.8453125	0.8609375
441	1e-05	1e-08	0.10382138937711716	0.712004542350769	0.97046875	0.851953125	0.8328125	0.8453125	0.8609375
442	1e-05	1e-08	0.10379252582788467	0.7119725346565247	0.97046875	0.851953125	0.8328125	0.8453125	0.8609375
443	1e-05	1e-08	0.1037636250257492	0.7119401097297668	0.970546875	0.85234375	0.8328125	0.8453125	0.8609375
444	1e-05	1e-08	0.10373444855213165	0.7119051814079285	0.970546875	0.852734375	0.8328125	0.8453125	0.8609375
445	1e-05	1e-08	0.10370513051748276	0.7118692994117737	0.970546875	0.852734375	0.8328125	0.8453125	0.8609375
446	1e-05	1e-08	0.10367586463689804	0.7118340730667114	0.970546875	0.852734375	0.8328125	0.8453125	0.8609375
447	1e-05	1e-08	0.10364660620689392	0.7117993831634521	0.970546875	0.852734375	0.8328125	0.8453125	0.8609375
448	1e-05	1e-08	0.103617362678051	0.711764931678772	0.970546875	0.852734375	0.8328125	0.8453125	0.8609375
449	1e-05	1e-08	0.10358816385269165	0.7117302417755127	0.970546875	0.852734375	0.8328125	0.8453125	0.8609375
450	1e-05	1e-08	0.1035589948296547	0.7116957902908325	0.970546875	0.852734375	0.8328125	0.8453125	0.8609375
451	1e-05	1e-08	0.10352981835603714	0.7116600871086121	0.970546875	0.852734375	0.8328125	0.8453125	0.8609375
452	1e-05	1e-08	0.10350070893764496	0.7116258144378662	0.970625	0.852734375	0.8328125	0.8453125	0.8609375
453	1e-05	1e-08	0.10347160696983337	0.7115921378135681	0.970625	0.852734375	0.8328125	0.8453125	0.8609375
454	1e-05	1e-08	0.10344255715608597	0.7115572690963745	0.970625	0.852734375	0.8328125	0.8453125	0.8609375
455	1e-05	1e-08	0.10341348499059677	0.7115226984024048	0.970703125	0.852734375	0.8328125	0.8453125	0.8609375
456	1e-05	1e-08	0.10338445752859116	0.7114880681037903	0.970703125	0.852734375	0.8328125	0.8453125	0.8609375
457	1e-05	1e-08	0.10335547477006912	0.7114542722702026	0.970703125	0.852734375	0.8328125	0.8453125	0.8609375
458	1e-05	1e-08	0.10332649201154709	0.7114208936691284	0.970703125	0.852734375	0.8328125	0.8453125	0.8609375
459	1e-05	1e-08	0.10329756140708923	0.7113868594169617	0.970703125	0.852734375	0.8328125	0.8453125	0.8609375
460	1e-05	1e-08	0.10326865315437317	0.7113534212112427	0.970703125	0.852734375	0.8328125	0.8453125	0.8609375
461	1e-05	1e-08	0.1032397449016571	0.7113197445869446	0.970703125	0.852734375	0.8328125	0.8453125	0.8609375
462	1e-05	1e-08	0.10321088880300522	0.7112864851951599	0.970703125	0.85234375	0.8328125	0.8453125	0.8609375
463	1e-05	1e-08	0.10318205505609512	0.7112531661987305	0.970703125	0.85234375	0.8328125	0.8453125	0.8609375
464	1e-05	1e-08	0.10315325856208801	0.7112200856208801	0.970703125	0.85234375	0.8328125	0.8453125	0.8609375
465	1e-05	1e-08	0.10312444716691971	0.7111876010894775	0.970703125	0.85234375	0.8328125	0.8453125	0.8609375
466	1e-05	1e-08	0.10309568047523499	0.7111544013023376	0.970703125	0.85234375	0.8328125	0.8453125	0.8609375
467	1e-05	1e-08	0.10306694358587265	0.7111206650733948	0.970703125	0.85234375	0.8328125	0.8453125	0.8609375
468	1e-05	1e-08	0.1030382439494133	0.711088240146637	0.970703125	0.85234375	0.8328125	0.8453125	0.8609375
469	1e-05	1e-08	0.10300952941179276	0.7110560536384583	0.970703125	0.85234375	0.8328125	0.8453125	0.8609375
470	1e-05	1e-08	0.10298088192939758	0.7110235095024109	0.970703125	0.85234375	0.8328125	0.8453125	0.8609375
471	1e-05	1e-08	0.10295223444700241	0.7109917402267456	0.970703125	0.85234375	0.8328125	0.8453125	0.8609375
472	1e-05	1e-08	0.10292363166809082	0.7109597325325012	0.970703125	0.85234375	0.8328125	0.8453125	0.8609375
473	1e-05	1e-08	0.10289501398801804	0.7109265327453613	0.970703125	0.85234375	0.8328125	0.8453125	0.8609375
474	1e-05	1e-08	0.10286645591259003	0.7108947038650513	0.970703125	0.85234375	0.8328125	0.8453125	0.8609375
475	1e-05	1e-08	0.10283790528774261	0.7108625173568726	0.970703125	0.85234375	0.8328125	0.8453125	0.8609375
476	1e-05	1e-08	0.1028093621134758	0.710830807685852	0.970703125	0.85234375	0.8328125	0.8453125	0.8609375
477	1e-05	1e-08	0.10278087854385376	0.710798442363739	0.970625	0.85234375	0.8328125	0.8453125	0.8609375
478	1e-05	1e-08	0.10275238007307053	0.7107659578323364	0.970625	0.85234375	0.8328125	0.8453125	0.8609375
479	1e-05	1e-08	0.10272394120693207	0.710734486579895	0.970625	0.85234375	0.8328125	0.8453125	0.8609375
480	1e-05	1e-08	0.1026955246925354	0.7107016444206238	0.970625	0.85234375	0.8328125	0.8453125	0.8609375
481	1e-05	1e-08	0.10266711562871933	0.7106693387031555	0.970625	0.85234375	0.8328125	0.8453125	0.8609375
482	1e-05	1e-08	0.10263872891664505	0.7106375694274902	0.970625	0.85234375	0.8328125	0.8453125	0.8609375
483	1e-05	1e-08	0.10261035710573196	0.7106056809425354	0.970625	0.85234375	0.8328125	0.8453125	0.8609375
484	1e-05	1e-08	0.10258204489946365	0.7105740308761597	0.970625	0.85234375	0.8328125	0.8453125	0.8609375
485	1e-05	1e-08	0.10255374014377594	0.7105423808097839	0.970625	0.85234375	0.8328125	0.8453125	0.8609375
486	1e-05	1e-08	0.10252545028924942	0.7105104327201843	0.970625	0.85234375	0.8328125	0.8453125	0.8609375
487	1e-05	1e-08	0.1024971753358841	0.710479199886322	0.970625	0.851953125	0.8328125	0.8453125	0.8609375
488	1e-05	1e-08	0.10246893018484116	0.7104477882385254	0.970625	0.851953125	0.8328125	0.8453125	0.8609375
489	1e-05	1e-08	0.1024407371878624	0.7104154825210571	0.970625	0.851953125	0.8328125	0.8453125	0.8609375
490	1e-05	1e-08	0.10241252928972244	0.7103832364082336	0.970625	0.851953125	0.8328125	0.8453125	0.8609375
491	1e-05	1e-08	0.10238435864448547	0.7103523015975952	0.970625	0.851953125	0.8328125	0.8453125	0.8609375
492	1e-05	1e-08	0.10235621780157089	0.7103211879730225	0.970625	0.851953125	0.8328125	0.8453125	0.8609375
493	1e-05	1e-08	0.1023280918598175	0.7102898359298706	0.970625	0.85234375	0.8328125	0.8453125	0.8609375
494	1e-05	1e-08	0.1022999957203865	0.7102591395378113	0.970625	0.851953125	0.8328125	0.8453125	0.8609375
495	1e-05	1e-08	0.1022719070315361	0.7102283239364624	0.970625	0.851953125	0.8328125	0.8453125	0.8609375
496	1e-05	1e-08	0.10224387049674988	0.7101975679397583	0.970625	0.851953125	0.8328125	0.8453125	0.8609375
497	1e-05	1e-08	0.10221584141254425	0.7101661562919617	0.970625	0.851953125	0.8328125	0.8453125	0.8609375
498	1e-05	1e-08	0.10218781232833862	0.7101346850395203	0.970625	0.851953125	0.8328125	0.8453125	0.8609375
499	1e-05	1e-08	0.10215986520051956	0.7101027369499207	0.970703125	0.851953125	0.8328125	0.8453125	0.8609375
500	1e-05	1e-08	0.10213188827037811	0.710071325302124	0.970703125	0.851953125	0.8328125	0.8453125	0.8609375
501	1e-05	1e-08	0.10210394859313965	0.7100406885147095	0.970703125	0.8515625	0.8328125	0.8453125	0.8609375
502	1e-05	1e-08	0.10207602381706238	0.7100092768669128	0.970703125	0.8515625	0.8328125	0.8453125	0.8609375
503	1e-05	1e-08	0.10204815864562988	0.7099779844284058	0.970703125	0.8515625	0.8328125	0.8453125	0.8609375
504	1e-05	1e-08	0.102020263671875	0.7099467515945435	0.970703125	0.8515625	0.8328125	0.8453125	0.8609375
505	1e-05	1e-08	0.10199243575334549	0.7099161148071289	0.970703125	0.8515625	0.8328125	0.8453125	0.8609375
506	1e-05	1e-08	0.10196460038423538	0.7098846435546875	0.97078125	0.8515625	0.8328125	0.8453125	0.8609375
507	1e-05	1e-08	0.10193679481744766	0.7098533511161804	0.97078125	0.8515625	0.8328125	0.8453125	0.8609375
508	1e-05	1e-08	0.10190901905298233	0.7098219990730286	0.970859375	0.8515625	0.8328125	0.8453125	0.8609375
509	1e-05	1e-08	0.10188127309083939	0.7097916603088379	0.970859375	0.8515625	0.8328125	0.8453125	0.8609375
510	1e-05	1e-08	0.10185354202985764	0.7097604870796204	0.970859375	0.8515625	0.8328125	0.8453125	0.8609375
511	1e-05	1e-08	0.10182581096887589	0.7097295522689819	0.970859375	0.8515625	0.8328125	0.8453125	0.8609375
512	1e-05	1e-08	0.1017981469631195	0.7096984386444092	0.970859375	0.8515625	0.8328125	0.8453125	0.8609375
513	1e-05	1e-08	0.10177046060562134	0.7096676230430603	0.970859375	0.8515625	0.8328125	0.8453125	0.8609375
514	1e-05	1e-08	0.10174284130334854	0.7096365094184875	0.970859375	0.8515625	0.8328125	0.8453125	0.8609375
515	1e-05	1e-08	0.10171519964933395	0.7096056938171387	0.970859375	0.8515625	0.8328125	0.8453125	0.8609375
516	1e-05	1e-08	0.10168760269880295	0.7095752954483032	0.970859375	0.8515625	0.8328125	0.8453125	0.8609375
517	1e-05	1e-08	0.10166005045175552	0.7095444202423096	0.9709375	0.8515625	0.8328125	0.8453125	0.8609375
518	1e-05	1e-08	0.1016324982047081	0.7095142602920532	0.9709375	0.8515625	0.8328125	0.8453125	0.8609375
519	1e-05	1e-08	0.10160496085882187	0.7094843983650208	0.9709375	0.8515625	0.8328125	0.8453125	0.8609375
520	1e-05	1e-08	0.10157745331525803	0.7094535827636719	0.9709375	0.8515625	0.8328125	0.8453125	0.8609375
521	1e-05	1e-08	0.10154996812343597	0.7094230651855469	0.971015625	0.8515625	0.8328125	0.8453125	0.8609375
522	1e-05	1e-08	0.10152250528335571	0.7093932032585144	0.971015625	0.8515625	0.8328125	0.8453125	0.8609375
523	1e-05	1e-08	0.10149506479501724	0.7093634605407715	0.971015625	0.8515625	0.8328125	0.8453125	0.8609375
524	1e-05	1e-08	0.10146764665842056	0.7093346118927002	0.971015625	0.8515625	0.8328125	0.8453125	0.8609375
525	1e-05	1e-08	0.10144025087356567	0.7093044519424438	0.971015625	0.8515625	0.8328125	0.8453125	0.8609375
526	1e-05	1e-08	0.10141290724277496	0.7092750668525696	0.971015625	0.8515625	0.8328125	0.8453125	0.8609375
527	1e-05	1e-08	0.10138553380966187	0.7092441916465759	0.971015625	0.8515625	0.8328125	0.8453125	0.8609375
528	1e-05	1e-08	0.10135820508003235	0.7092149257659912	0.971015625	0.8515625	0.8328125	0.8453125	0.8609375
529	1e-05	1e-08	0.10133092105388641	0.7091845273971558	0.971015625	0.8515625	0.8328125	0.8453125	0.8609375
530	1e-05	1e-08	0.10130361467599869	0.7091542482376099	0.971015625	0.8515625	0.8328125	0.8453125	0.8609375
531	1e-05	1e-08	0.10127636790275574	0.709124743938446	0.971015625	0.8515625	0.8328125	0.8453125	0.8609375
532	1e-05	1e-08	0.10124912858009338	0.7090944051742554	0.971015625	0.8515625	0.8328125	0.8453125	0.8609375
533	1e-05	1e-08	0.10122192651033401	0.7090648412704468	0.971015625	0.8515625	0.8328125	0.8453125	0.8609375
534	1e-05	1e-08	0.10119444131851196	0.7090327143669128	0.971015625	0.8515625	0.8328125	0.8453125	0.8609375
535	1e-05	1e-08	0.10116695612668991	0.7089999914169312	0.971015625	0.8515625	0.8328125	0.8453125	0.8609375
536	1e-05	1e-08	0.10113948583602905	0.7089673280715942	0.971015625	0.8515625	0.8328125	0.8453125	0.8609375
537	1e-05	1e-08	0.10111203789710999	0.7089358568191528	0.971015625	0.8515625	0.8328125	0.8453125	0.8609375
538	1e-05	1e-08	0.1010846346616745	0.7089036107063293	0.971015625	0.8515625	0.8328125	0.8453125	0.8609375
539	1e-05	1e-08	0.10105724632740021	0.7088720798492432	0.971015625	0.8515625	0.8328125	0.8453125	0.8609375
540	1e-05	1e-08	0.1010298952460289	0.7088402509689331	0.971015625	0.8515625	0.8328125	0.8453125	0.8609375
541	1e-05	1e-08	0.10100254416465759	0.7088080644607544	0.971015625	0.8515625	0.8328125	0.8453125	0.8609375
542	1e-05	1e-08	0.10097520053386688	0.7087756395339966	0.971015625	0.8515625	0.8328125	0.8453125	0.8609375
543	1e-05	1e-08	0.10094791650772095	0.7087438702583313	0.971015625	0.8515625	0.8328125	0.8453125	0.8609375
544	1e-05	1e-08	0.10092063993215561	0.7087123394012451	0.971015625	0.8515625	0.8328125	0.8453125	0.8609375
545	1e-05	1e-08	0.10089340060949326	0.7086813449859619	0.971015625	0.8515625	0.8328125	0.8453125	0.8609375
546	1e-05	1e-08	0.10086618363857269	0.7086494565010071	0.971015625	0.8515625	0.8328125	0.8453125	0.8609375
547	1e-05	1e-08	0.10083898901939392	0.7086183428764343	0.971015625	0.8515625	0.8328125	0.8453125	0.8609375
548	1e-05	1e-08	0.10081182420253754	0.7085884213447571	0.971015625	0.8515625	0.8328125	0.8453125	0.8609375
549	1e-05	1e-08	0.10078468918800354	0.7085574865341187	0.971015625	0.851171875	0.8328125	0.8453125	0.8609375
550	1e-05	1e-08	0.10075756162405014	0.7085269689559937	0.971015625	0.851171875	0.8328125	0.8453125	0.8609375
551	1e-05	1e-08	0.10073044151067734	0.7084960341453552	0.971015625	0.851171875	0.8328125	0.8453125	0.8609375
552	1e-05	1e-08	0.10070338845252991	0.7084668278694153	0.971015625	0.851171875	0.8328125	0.8453125	0.8609375
553	1e-05	1e-08	0.10067630559206009	0.7084360122680664	0.971015625	0.851171875	0.8328125	0.8453125	0.8609375
554	1e-05	1e-08	0.10064928233623505	0.7084060907363892	0.971015625	0.851171875	0.8328125	0.8453125	0.8609375
555	1e-05	1e-08	0.1006222516298294	0.7083752751350403	0.971015625	0.851171875	0.8328125	0.8453125	0.8609375
556	1e-05	1e-08	0.10059527307748795	0.7083449363708496	0.971015625	0.851171875	0.8328125	0.8453125	0.8609375
557	1e-05	1e-08	0.10056830197572708	0.7083157300949097	0.971015625	0.851171875	0.8328125	0.8453125	0.8609375
558	1e-05	1e-08	0.1005413755774498	0.7082850337028503	0.971015625	0.851171875	0.8328125	0.8453125	0.8609375
559	1e-05	1e-08	0.10051444172859192	0.7082545757293701	0.971015625	0.851171875	0.8328125	0.8453125	0.8609375
560	1e-05	1e-08	0.10048753768205643	0.7082238793373108	0.97109375	0.851171875	0.8328125	0.8453125	0.8609375
561	1e-05	1e-08	0.10046065598726273	0.7081940174102783	0.97109375	0.8515625	0.8328125	0.8453125	0.8609375
562	1e-05	1e-08	0.10043379664421082	0.7081645131111145	0.97109375	0.8515625	0.8328125	0.8453125	0.8609375
563	1e-05	1e-08	0.10040697455406189	0.7081351280212402	0.97109375	0.8515625	0.8328125	0.8453125	0.8609375
