0	0.001	0.01	411.297607421875	411.9638671875	0.93984375	0.8328125	0.8328125	0.8453125	0.8609375
1	0.001	0.01	246.49072265625	247.03799438476562	0.950859375	0.837109375	0.8328125	0.8453125	0.8609375
2	0.001	0.01	147.73928833007812	148.1951904296875	0.95546875	0.844921875	0.8328125	0.8453125	0.8609375
3	0.001	0.01	88.5676040649414	88.9427261352539	0.95984375	0.84609375	0.8328125	0.8453125	0.8609375
4	0.001	0.01	53.11918640136719	53.43316650390625	0.964140625	0.850390625	0.8328125	0.8453125	0.8609375
5	0.001	0.01	31.8930606842041	32.15920639038086	0.966796875	0.855078125	0.8328125	0.8453125	0.8609375
6	0.001	0.01	19.19236946105957	19.424488067626953	0.96921875	0.858203125	0.8328125	0.8453125	0.8609375
7	0.001	0.01	11.60177993774414	11.810015678405762	0.971640625	0.861328125	0.8328125	0.8453125	0.8609375
8	0.001	0.01	7.0708327293396	7.256552219390869	0.9709375	0.86953125	0.8328125	0.8453125	0.8609375
9	0.001	0.01	4.371490955352783	4.536441802978516	0.968671875	0.86875	0.8328125	0.8453125	0.8609375
10	0.0001	0.01	2.7663772106170654	2.914607524871826	0.96234375	0.869921875	0.8328125	0.8453125	0.8609375
11	0.0001	0.01	2.646479606628418	2.7915167808532715	0.964375	0.8765625	0.8328125	0.8453125	0.8609375
12	0.0001	0.01	2.5332705974578857	2.6764702796936035	0.963984375	0.876953125	0.8328125	0.8453125	0.8609375
13	0.0001	0.01	2.425813913345337	2.567509174346924	0.9625	0.873828125	0.8328125	0.8453125	0.8609375
14	0.0001	0.01	2.3239686489105225	2.4635305404663086	0.96265625	0.874609375	0.8328125	0.8453125	0.8609375
15	0.0001	0.01	2.227112054824829	2.3650550842285156	0.962109375	0.8734375	0.8328125	0.8453125	0.8609375
16	0.0001	0.01	2.135327100753784	2.271928071975708	0.960546875	0.87734375	0.8328125	0.8453125	0.8609375
17	0.0001	0.01	2.0480496883392334	2.1826484203338623	0.96	0.873046875	0.8328125	0.8453125	0.8609375
18	0.0001	0.01	1.965417742729187	2.0985093116760254	0.958671875	0.874609375	0.8328125	0.8453125	0.8609375
19	0.0001	0.01	1.886808156967163	2.0182700157165527	0.95796875	0.873046875	0.8328125	0.8453125	0.8609375
20	1e-05	0.01	1.8124231100082397	1.9424232244491577	0.957109375	0.87421875	0.8328125	0.8453125	0.8609375
21	1e-05	0.01	1.8050585985183716	1.934696912765503	0.957109375	0.872265625	0.8328125	0.8453125	0.8609375
22	1e-05	0.01	1.7977776527404785	1.927138328552246	0.9575	0.871484375	0.8328125	0.8453125	0.8609375
23	1e-05	0.01	1.7905446290969849	1.9196841716766357	0.957421875	0.870703125	0.8328125	0.8453125	0.8609375
24	1e-05	0.01	1.7833465337753296	1.9122893810272217	0.957265625	0.871875	0.8328125	0.8453125	0.8609375
25	1e-05	0.01	1.776181936264038	1.9049593210220337	0.957265625	0.871484375	0.8328125	0.8453125	0.8609375
26	1e-05	0.01	1.769045352935791	1.8976364135742188	0.957265625	0.870703125	0.8328125	0.8453125	0.8609375
27	1e-05	0.01	1.7619388103485107	1.8903766870498657	0.957109375	0.870703125	0.8328125	0.8453125	0.8609375
28	1e-05	0.01	1.7548761367797852	1.883162260055542	0.957265625	0.870703125	0.8328125	0.8453125	0.8609375
29	1e-05	0.01	1.747853398323059	1.875967025756836	0.9571875	0.8703125	0.8328125	0.8453125	0.8609375
30	1e-05	0.01	1.7408692836761475	1.8688268661499023	0.957109375	0.8703125	0.8328125	0.8453125	0.8609375
31	1e-05	0.01	1.7339473962783813	1.8617500066757202	0.95703125	0.869921875	0.8328125	0.8453125	0.8609375
32	1e-05	0.01	1.7271020412445068	1.8547484874725342	0.95703125	0.8703125	0.8328125	0.8453125	0.8609375
33	1e-05	0.01	1.7203128337860107	1.8477928638458252	0.956953125	0.8703125	0.8328125	0.8453125	0.8609375
34	1e-05	0.01	1.7135720252990723	1.8408889770507812	0.956796875	0.869921875	0.8328125	0.8453125	0.8609375
35	1e-05	0.01	1.7068769931793213	1.8340060710906982	0.95671875	0.86953125	0.8328125	0.8453125	0.8609375
36	1e-05	0.01	1.7002226114273071	1.827193260192871	0.9565625	0.86953125	0.8328125	0.8453125	0.8609375
37	1e-05	0.01	1.693626046180725	1.8204387426376343	0.956484375	0.86953125	0.8328125	0.8453125	0.8609375
38	1e-05	0.01	1.6870837211608887	1.813744306564331	0.956484375	0.86953125	0.8328125	0.8453125	0.8609375
39	1e-05	0.01	1.6805899143218994	1.8070805072784424	0.95640625	0.86953125	0.8328125	0.8453125	0.8609375
40	1e-05	0.01	1.6741372346878052	1.8004586696624756	0.95640625	0.86953125	0.8328125	0.8453125	0.8609375
41	1e-05	0.01	1.6677225828170776	1.7938915491104126	0.956328125	0.86953125	0.8328125	0.8453125	0.8609375
42	1e-05	0.01	1.6613410711288452	1.7873477935791016	0.95609375	0.869921875	0.8328125	0.8453125	0.8609375
43	1e-05	0.01	1.654994010925293	1.780835509300232	0.956015625	0.869921875	0.8328125	0.8453125	0.8609375
44	1e-05	0.01	1.6486783027648926	1.7743642330169678	0.956015625	0.869921875	0.8328125	0.8453125	0.8609375
45	1e-05	0.01	1.6424407958984375	1.767962098121643	0.955859375	0.869921875	0.8328125	0.8453125	0.8609375
46	1e-05	0.01	1.636271357536316	1.7616517543792725	0.95578125	0.8703125	0.8328125	0.8453125	0.8609375
47	1e-05	0.01	1.6301556825637817	1.755366563796997	0.955625	0.869921875	0.8328125	0.8453125	0.8609375
48	1e-05	0.01	1.6240826845169067	1.7491512298583984	0.95546875	0.869921875	0.8328125	0.8453125	0.8609375
49	1e-05	0.01	1.6180484294891357	1.7429596185684204	0.955234375	0.869921875	0.8328125	0.8453125	0.8609375
50	1e-05	0.01	1.6120457649230957	1.7368137836456299	0.955234375	0.86953125	0.8328125	0.8453125	0.8609375
51	1e-05	0.01	1.606074571609497	1.7306840419769287	0.95515625	0.869140625	0.8328125	0.8453125	0.8609375
52	1e-05	0.01	1.6001324653625488	1.7245886325836182	0.95515625	0.86875	0.8328125	0.8453125	0.8609375
53	1e-05	0.01	1.5942164659500122	1.7185224294662476	0.955234375	0.86875	0.8328125	0.8453125	0.8609375
54	1e-05	0.01	1.58832585811615	1.7124640941619873	0.955078125	0.869140625	0.8328125	0.8453125	0.8609375
55	1e-05	0.01	1.5824594497680664	1.7064422369003296	0.955	0.869140625	0.8328125	0.8453125	0.8609375
56	1e-05	0.01	1.576615333557129	1.7004470825195312	0.954765625	0.869140625	0.8328125	0.8453125	0.8609375
57	1e-05	0.01	1.5707931518554688	1.694467544555664	0.954765625	0.86953125	0.8328125	0.8453125	0.8609375
58	1e-05	0.01	1.5649927854537964	1.6885311603546143	0.9546875	0.869140625	0.8328125	0.8453125	0.8609375
59	1e-05	0.01	1.5592138767242432	1.6825854778289795	0.9546875	0.869140625	0.8328125	0.8453125	0.8609375
60	1e-05	0.01	1.5534563064575195	1.6766735315322876	0.95453125	0.86875	0.8328125	0.8453125	0.8609375
61	1e-05	0.01	1.5477200746536255	1.6707799434661865	0.9546875	0.86875	0.8328125	0.8453125	0.8609375
62	1e-05	0.01	1.5420047044754028	1.6649143695831299	0.954609375	0.86875	0.8328125	0.8453125	0.8609375
63	1e-05	0.01	1.5363092422485352	1.659062147140503	0.954609375	0.86875	0.8328125	0.8453125	0.8609375
64	1e-05	0.01	1.5306334495544434	1.6532484292984009	0.954453125	0.86875	0.8328125	0.8453125	0.8609375
65	1e-05	0.01	1.5249764919281006	1.6474294662475586	0.95453125	0.86875	0.8328125	0.8453125	0.8609375
66	1e-05	0.01	1.519343614578247	1.6416652202606201	0.954453125	0.86953125	0.8328125	0.8453125	0.8609375
67	1e-05	0.01	1.5137335062026978	1.6359062194824219	0.954375	0.86953125	0.8328125	0.8453125	0.8609375
68	1e-05	0.01	1.508147120475769	1.6301395893096924	0.954375	0.869140625	0.8328125	0.8453125	0.8609375
69	1e-05	0.01	1.5025867223739624	1.6244243383407593	0.954375	0.86953125	0.8328125	0.8453125	0.8609375
70	1e-05	0.01	1.49705171585083	1.618730902671814	0.954296875	0.869140625	0.8328125	0.8453125	0.8609375
71	1e-05	0.01	1.491539716720581	1.6130812168121338	0.954140625	0.86953125	0.8328125	0.8453125	0.8609375
72	1e-05	0.01	1.4860501289367676	1.6074329614639282	0.953828125	0.86953125	0.8328125	0.8453125	0.8609375
73	1e-05	0.01	1.480582594871521	1.6017954349517822	0.9540625	0.86953125	0.8328125	0.8453125	0.8609375
74	1e-05	0.01	1.4751346111297607	1.5962082147598267	0.95390625	0.86953125	0.8328125	0.8453125	0.8609375
75	1e-05	0.01	1.4697109460830688	1.5906381607055664	0.953828125	0.869921875	0.8328125	0.8453125	0.8609375
76	1e-05	0.01	1.46431303024292	1.5850774049758911	0.953828125	0.86953125	0.8328125	0.8453125	0.8609375
77	1e-05	0.01	1.4589413404464722	1.5795537233352661	0.95375	0.86953125	0.8328125	0.8453125	0.8609375
78	1e-05	0.01	1.4535976648330688	1.5740493535995483	0.953671875	0.869921875	0.8328125	0.8453125	0.8609375
79	1e-05	0.01	1.4482797384262085	1.5686002969741821	0.95359375	0.8703125	0.8328125	0.8453125	0.8609375
80	1e-05	0.01	1.4429869651794434	1.563138723373413	0.953515625	0.8703125	0.8328125	0.8453125	0.8609375
81	1e-05	0.01	1.437716007232666	1.5577354431152344	0.9534375	0.8703125	0.8328125	0.8453125	0.8609375
82	1e-05	0.01	1.4324685335159302	1.5523512363433838	0.9534375	0.869921875	0.8328125	0.8453125	0.8609375
83	1e-05	0.01	1.4272432327270508	1.5469796657562256	0.953359375	0.8703125	0.8328125	0.8453125	0.8609375
84	1e-05	0.01	1.4220378398895264	1.5416196584701538	0.95328125	0.8703125	0.8328125	0.8453125	0.8609375
85	1e-05	0.01	1.4168527126312256	1.5362889766693115	0.95328125	0.8703125	0.8328125	0.8453125	0.8609375
86	1e-05	0.01	1.411687970161438	1.5309504270553589	0.95328125	0.869921875	0.8328125	0.8453125	0.8609375
87	1e-05	0.01	1.4065420627593994	1.5256702899932861	0.95328125	0.869921875	0.8328125	0.8453125	0.8609375
88	1e-05	0.01	1.4014151096343994	1.5204055309295654	0.953203125	0.8703125	0.8328125	0.8453125	0.8609375
89	1e-05	0.01	1.3963062763214111	1.5151430368423462	0.952890625	0.8703125	0.8328125	0.8453125	0.8609375
90	1e-05	0.01	1.3912169933319092	1.5098915100097656	0.9528125	0.869921875	0.8328125	0.8453125	0.8609375
91	1e-05	0.01	1.386146903038025	1.5046675205230713	0.952421875	0.869140625	0.8328125	0.8453125	0.8609375
92	1e-05	0.01	1.3810944557189941	1.4994598627090454	0.952421875	0.869140625	0.8328125	0.8453125	0.8609375
93	1e-05	0.01	1.376060128211975	1.4942926168441772	0.9521875	0.869921875	0.8328125	0.8453125	0.8609375
94	1e-05	0.01	1.3710452318191528	1.489131212234497	0.95203125	0.869921875	0.8328125	0.8453125	0.8609375
95	1e-05	0.01	1.3660473823547363	1.4839842319488525	0.95203125	0.86875	0.8328125	0.8453125	0.8609375
96	1e-05	0.01	1.3610671758651733	1.4788541793823242	0.95171875	0.86875	0.8328125	0.8453125	0.8609375
97	1e-05	0.01	1.3561036586761475	1.4737528562545776	0.951796875	0.86953125	0.8328125	0.8453125	0.8609375
98	1e-05	0.01	1.3511590957641602	1.4686377048492432	0.95171875	0.86875	0.8328125	0.8453125	0.8609375
99	1e-05	0.01	1.3462326526641846	1.4635546207427979	0.95171875	0.86875	0.8328125	0.8453125	0.8609375
100	1e-05	0.01	1.3413244485855103	1.4585062265396118	0.95171875	0.86875	0.8328125	0.8453125	0.8609375
101	1e-05	0.01	1.3364367485046387	1.4534794092178345	0.951640625	0.86875	0.8328125	0.8453125	0.8609375
102	1e-05	0.01	1.3315672874450684	1.4484655857086182	0.951484375	0.86875	0.8328125	0.8453125	0.8609375
103	1e-05	0.01	1.3267168998718262	1.4434716701507568	0.95140625	0.86875	0.8328125	0.8453125	0.8609375
104	1e-05	0.01	1.3218852281570435	1.4384859800338745	0.951328125	0.86875	0.8328125	0.8453125	0.8609375
105	1e-05	0.01	1.317070722579956	1.4335277080535889	0.95125	0.86875	0.8328125	0.8453125	0.8609375
106	1e-05	0.01	1.3122750520706177	1.4285976886749268	0.951015625	0.86875	0.8328125	0.8453125	0.8609375
107	1e-05	0.01	1.3074960708618164	1.42364501953125	0.951015625	0.86796875	0.8328125	0.8453125	0.8609375
108	1e-05	0.01	1.3027383089065552	1.4187371730804443	0.950859375	0.86796875	0.8328125	0.8453125	0.8609375
109	1e-05	0.01	1.2980023622512817	1.4138603210449219	0.950859375	0.86796875	0.8328125	0.8453125	0.8609375
110	1e-05	0.01	1.2932848930358887	1.4089791774749756	0.950859375	0.867578125	0.8328125	0.8453125	0.8609375
111	1e-05	0.01	1.2885876893997192	1.4041352272033691	0.950859375	0.86796875	0.8328125	0.8453125	0.8609375
112	1e-05	0.01	1.2839109897613525	1.3993031978607178	0.950625	0.86796875	0.8328125	0.8453125	0.8609375
113	1e-05	0.01	1.2792558670043945	1.3944960832595825	0.950390625	0.86796875	0.8328125	0.8453125	0.8609375
114	1e-05	0.01	1.2746237516403198	1.3897149562835693	0.95015625	0.86796875	0.8328125	0.8453125	0.8609375
115	1e-05	0.01	1.2700276374816895	1.3849518299102783	0.95	0.86796875	0.8328125	0.8453125	0.8609375
116	1e-05	0.01	1.265460729598999	1.3802486658096313	0.95	0.86796875	0.8328125	0.8453125	0.8609375
117	1e-05	0.01	1.2609238624572754	1.375579595565796	0.950078125	0.86796875	0.8328125	0.8453125	0.8609375
118	1e-05	0.01	1.256412148475647	1.3709195852279663	0.950078125	0.86796875	0.8328125	0.8453125	0.8609375
119	1e-05	0.01	1.2519252300262451	1.3662526607513428	0.949765625	0.86796875	0.8328125	0.8453125	0.8609375
120	1e-05	0.01	1.2474586963653564	1.3616394996643066	0.9496875	0.86796875	0.8328125	0.8453125	0.8609375
121	1e-05	0.01	1.243014931678772	1.357042908668518	0.949765625	0.86796875	0.8328125	0.8453125	0.8609375
122	1e-05	0.01	1.2385982275009155	1.3524986505508423	0.9496875	0.86796875	0.8328125	0.8453125	0.8609375
123	1e-05	0.01	1.2342079877853394	1.3479607105255127	0.94953125	0.86796875	0.8328125	0.8453125	0.8609375
124	1e-05	0.01	1.2298427820205688	1.343440294265747	0.949609375	0.867578125	0.8328125	0.8453125	0.8609375
125	1e-05	0.01	1.2255018949508667	1.338943362236023	0.949609375	0.867578125	0.8328125	0.8453125	0.8609375
126	1e-05	0.01	1.2211838960647583	1.3344773054122925	0.94953125	0.867578125	0.8328125	0.8453125	0.8609375
127	1e-05	0.01	1.216889500617981	1.3300262689590454	0.949296875	0.8671875	0.8328125	0.8453125	0.8609375
128	1e-05	0.01	1.212614893913269	1.3256161212921143	0.949296875	0.866796875	0.8328125	0.8453125	0.8609375
129	1e-05	0.01	1.208362102508545	1.321223258972168	0.949296875	0.866796875	0.8328125	0.8453125	0.8609375
130	1e-05	0.01	1.2041302919387817	1.316856026649475	0.949296875	0.86640625	0.8328125	0.8453125	0.8609375
131	1e-05	0.01	1.1999192237854004	1.3125131130218506	0.949140625	0.8671875	0.8328125	0.8453125	0.8609375
132	1e-05	0.01	1.195725679397583	1.3081649541854858	0.948984375	0.866796875	0.8328125	0.8453125	0.8609375
133	1e-05	0.01	1.1915512084960938	1.3038427829742432	0.948828125	0.866796875	0.8328125	0.8453125	0.8609375
134	1e-05	0.01	1.1873952150344849	1.2995188236236572	0.94890625	0.866796875	0.8328125	0.8453125	0.8609375
135	1e-05	0.01	1.183262825012207	1.2952394485473633	0.948671875	0.866796875	0.8328125	0.8453125	0.8609375
136	1e-05	0.01	1.1791582107543945	1.2909986972808838	0.9484375	0.8671875	0.8328125	0.8453125	0.8609375
137	1e-05	0.01	1.1750802993774414	1.2867708206176758	0.948359375	0.8671875	0.8328125	0.8453125	0.8609375
138	1e-05	0.01	1.1710278987884521	1.2825566530227661	0.948125	0.867578125	0.8328125	0.8453125	0.8609375
139	1e-05	0.01	1.1670001745224	1.2783968448638916	0.948046875	0.8671875	0.8328125	0.8453125	0.8609375
140	1e-05	0.01	1.1629977226257324	1.274267554283142	0.948203125	0.867578125	0.8328125	0.8453125	0.8609375
141	1e-05	0.01	1.15901780128479	1.270146369934082	0.947890625	0.86796875	0.8328125	0.8453125	0.8609375
142	1e-05	0.01	1.1550750732421875	1.266059160232544	0.947734375	0.86796875	0.8328125	0.8453125	0.8609375
143	1e-05	0.01	1.1511931419372559	1.262020468711853	0.947578125	0.868359375	0.8328125	0.8453125	0.8609375
144	1e-05	0.01	1.1473621129989624	1.2580597400665283	0.947578125	0.86796875	0.8328125	0.8453125	0.8609375
145	1e-05	0.01	1.143572211265564	1.2541030645370483	0.947265625	0.86796875	0.8328125	0.8453125	0.8609375
146	1e-05	0.01	1.139819622039795	1.2502083778381348	0.947109375	0.86796875	0.8328125	0.8453125	0.8609375
147	1e-05	0.01	1.1360976696014404	1.246347427368164	0.946953125	0.86796875	0.8328125	0.8453125	0.8609375
148	1e-05	0.01	1.1324067115783691	1.2425262928009033	0.94703125	0.86796875	0.8328125	0.8453125	0.8609375
149	1e-05	0.01	1.128745675086975	1.238702416419983	0.9465625	0.866796875	0.8328125	0.8453125	0.8609375
150	1e-05	0.01	1.1251109838485718	1.2349516153335571	0.946796875	0.86796875	0.8328125	0.8453125	0.8609375
151	1e-05	0.01	1.1215041875839233	1.2312288284301758	0.946875	0.866796875	0.8328125	0.8453125	0.8609375
152	1e-05	0.01	1.117918848991394	1.2274869680404663	0.9465625	0.86640625	0.8328125	0.8453125	0.8609375
153	1e-05	0.01	1.114355206489563	1.2237844467163086	0.94640625	0.86640625	0.8328125	0.8453125	0.8609375
154	1e-05	0.01	1.110811710357666	1.2201112508773804	0.946484375	0.86640625	0.8328125	0.8453125	0.8609375
155	1e-05	0.01	1.1072871685028076	1.2164474725723267	0.94640625	0.86640625	0.8328125	0.8453125	0.8609375
156	1e-05	0.01	1.1037908792495728	1.2128243446350098	0.946328125	0.866015625	0.8328125	0.8453125	0.8609375
157	1e-05	0.01	1.1003371477127075	1.209228277206421	0.946171875	0.866015625	0.8328125	0.8453125	0.8609375
158	1e-05	0.01	1.0969191789627075	1.2056697607040405	0.946171875	0.86640625	0.8328125	0.8453125	0.8609375
159	1e-05	0.01	1.0935314893722534	1.2021410465240479	0.946015625	0.866796875	0.8328125	0.8453125	0.8609375
160	1e-05	0.01	1.0901706218719482	1.1986477375030518	0.94609375	0.866796875	0.8328125	0.8453125	0.8609375
161	1e-05	0.01	1.086836338043213	1.1951806545257568	0.94609375	0.866796875	0.8328125	0.8453125	0.8609375
162	1e-05	0.01	1.0835250616073608	1.1917234659194946	0.9459375	0.86640625	0.8328125	0.8453125	0.8609375
163	1e-05	0.01	1.0802360773086548	1.1882855892181396	0.94578125	0.8671875	0.8328125	0.8453125	0.8609375
164	1e-05	0.01	1.0769667625427246	1.1848968267440796	0.945625	0.866796875	0.8328125	0.8453125	0.8609375
165	1e-05	0.01	1.073715090751648	1.181506872177124	0.945546875	0.866796875	0.8328125	0.8453125	0.8609375
166	1e-05	0.01	1.070480465888977	1.1781487464904785	0.94546875	0.866796875	0.8328125	0.8453125	0.8609375
167	1e-05	0.01	1.0672621726989746	1.1747792959213257	0.9453125	0.866796875	0.8328125	0.8453125	0.8609375
168	1e-05	0.01	1.0640597343444824	1.1714396476745605	0.9453125	0.866796875	0.8328125	0.8453125	0.8609375
169	1e-05	0.01	1.0608710050582886	1.1681302785873413	0.9453125	0.86640625	0.8328125	0.8453125	0.8609375
170	1e-05	0.01	1.0576962232589722	1.164836049079895	0.94515625	0.86640625	0.8328125	0.8453125	0.8609375
171	1e-05	0.01	1.0545341968536377	1.1615371704101562	0.945078125	0.86640625	0.8328125	0.8453125	0.8609375
172	1e-05	0.01	1.0513863563537598	1.158275842666626	0.945234375	0.86640625	0.8328125	0.8453125	0.8609375
173	1e-05	0.01	1.0482497215270996	1.1549878120422363	0.945078125	0.866796875	0.8328125	0.8453125	0.8609375
174	1e-05	0.01	1.0451263189315796	1.1517384052276611	0.945078125	0.866796875	0.8328125	0.8453125	0.8609375
175	1e-05	0.01	1.0420154333114624	1.1484858989715576	0.945	0.86640625	0.8328125	0.8453125	0.8609375
176	1e-05	0.01	1.0389164686203003	1.1452621221542358	0.945	0.86640625	0.8328125	0.8453125	0.8609375
177	1e-05	0.01	1.0358288288116455	1.1420457363128662	0.94484375	0.86640625	0.8328125	0.8453125	0.8609375
178	1e-05	0.01	1.032752275466919	1.1388300657272339	0.944765625	0.865625	0.8328125	0.8453125	0.8609375
179	1e-05	0.01	1.0296870470046997	1.135636329650879	0.94453125	0.865625	0.8328125	0.8453125	0.8609375
180	1e-05	0.01	1.0266332626342773	1.1324505805969238	0.94453125	0.866015625	0.8328125	0.8453125	0.8609375
181	1e-05	0.01	1.0235902070999146	1.1292884349822998	0.94453125	0.866015625	0.8328125	0.8453125	0.8609375
182	1e-05	0.01	1.0205574035644531	1.1261249780654907	0.9440625	0.86640625	0.8328125	0.8453125	0.8609375
183	1e-05	0.01	1.01753568649292	1.1229650974273682	0.944296875	0.86640625	0.8328125	0.8453125	0.8609375
184	1e-05	0.01	1.0145248174667358	1.1198228597640991	0.944140625	0.86640625	0.8328125	0.8453125	0.8609375
185	1e-05	0.01	1.0115258693695068	1.1167056560516357	0.943984375	0.86640625	0.8328125	0.8453125	0.8609375
186	1e-05	0.01	1.0085363388061523	1.1135673522949219	0.944140625	0.86640625	0.8328125	0.8453125	0.8609375
187	1e-05	0.01	1.0055562257766724	1.1104581356048584	0.944140625	0.86640625	0.8328125	0.8453125	0.8609375
188	1e-05	0.01	1.0025877952575684	1.1073615550994873	0.943828125	0.86640625	0.8328125	0.8453125	0.8609375
189	1e-05	0.01	0.9996308088302612	1.1042698621749878	0.94375	0.86640625	0.8328125	0.8453125	0.8609375
190	1e-05	0.01	0.9966859221458435	1.101200819015503	0.943828125	0.86640625	0.8328125	0.8453125	0.8609375
191	1e-05	0.01	0.9937541484832764	1.098152756690979	0.94375	0.86640625	0.8328125	0.8453125	0.8609375
192	1e-05	0.01	0.9908354878425598	1.095078468322754	0.94359375	0.866796875	0.8328125	0.8453125	0.8609375
193	1e-05	0.01	0.9879276156425476	1.0920593738555908	0.94359375	0.86640625	0.8328125	0.8453125	0.8609375
194	1e-05	0.01	0.9850343465805054	1.0890060663223267	0.943828125	0.867578125	0.8328125	0.8453125	0.8609375
195	1e-05	0.01	0.9821519255638123	1.0860011577606201	0.943515625	0.8671875	0.8328125	0.8453125	0.8609375
196	1e-05	0.01	0.9792802333831787	1.083005666732788	0.9434375	0.8671875	0.8328125	0.8453125	0.8609375
197	1e-05	0.01	0.9764211773872375	1.080025553703308	0.943515625	0.8671875	0.8328125	0.8453125	0.8609375
198	1e-05	0.01	0.9735769629478455	1.0770479440689087	0.9434375	0.8671875	0.8328125	0.8453125	0.8609375
199	1e-05	0.01	0.9707461595535278	1.074101209640503	0.943359375	0.8671875	0.8328125	0.8453125	0.8609375
200	1e-05	0.01	0.9679309129714966	1.0711510181427002	0.943203125	0.8671875	0.8328125	0.8453125	0.8609375
201	1e-05	0.01	0.965130090713501	1.06821608543396	0.943125	0.8671875	0.8328125	0.8453125	0.8609375
202	1e-05	0.01	0.9623428583145142	1.065305471420288	0.943125	0.8671875	0.8328125	0.8453125	0.8609375
203	1e-05	0.01	0.9595690965652466	1.0624055862426758	0.943046875	0.867578125	0.8328125	0.8453125	0.8609375
204	1e-05	0.01	0.9568084478378296	1.0595405101776123	0.94296875	0.8671875	0.8328125	0.8453125	0.8609375
205	1e-05	0.01	0.95406174659729	1.0566859245300293	0.943203125	0.866796875	0.8328125	0.8453125	0.8609375
206	1e-05	0.01	0.9513235688209534	1.0538009405136108	0.9428125	0.8671875	0.8328125	0.8453125	0.8609375
207	1e-05	0.01	0.9485990405082703	1.0509521961212158	0.94265625	0.8671875	0.8328125	0.8453125	0.8609375
208	1e-05	0.01	0.9458855986595154	1.0481040477752686	0.942578125	0.8671875	0.8328125	0.8453125	0.8609375
209	1e-05	0.01	0.943183422088623	1.0452678203582764	0.9428125	0.8671875	0.8328125	0.8453125	0.8609375
210	1e-05	0.01	0.9404929876327515	1.0424556732177734	0.94265625	0.8671875	0.8328125	0.8453125	0.8609375
211	1e-05	0.01	0.937812328338623	1.0396438837051392	0.942578125	0.8671875	0.8328125	0.8453125	0.8609375
212	1e-05	0.01	0.9351426959037781	1.0368363857269287	0.942578125	0.866796875	0.8328125	0.8453125	0.8609375
213	1e-05	0.01	0.9324831962585449	1.034042477607727	0.942578125	0.86640625	0.8328125	0.8453125	0.8609375
214	1e-05	0.01	0.9298344254493713	1.031286597251892	0.94234375	0.86640625	0.8328125	0.8453125	0.8609375
215	1e-05	0.01	0.9271957278251648	1.0285133123397827	0.94234375	0.86640625	0.8328125	0.8453125	0.8609375
216	1e-05	0.01	0.9245675802230835	1.0257463455200195	0.9425	0.86640625	0.8328125	0.8453125	0.8609375
217	1e-05	0.01	0.9219486713409424	1.0229997634887695	0.942265625	0.86640625	0.8328125	0.8453125	0.8609375
218	1e-05	0.01	0.919338047504425	1.0202842950820923	0.9421875	0.86640625	0.8328125	0.8453125	0.8609375
219	1e-05	0.01	0.91673743724823	1.0175542831420898	0.9421875	0.86640625	0.8328125	0.8453125	0.8609375
220	1e-05	0.01	0.9141455888748169	1.0148214101791382	0.941875	0.86640625	0.8328125	0.8453125	0.8609375
221	1e-05	0.01	0.9115638732910156	1.0121049880981445	0.94171875	0.86640625	0.8328125	0.8453125	0.8609375
222	1e-05	0.01	0.9089895486831665	1.0094194412231445	0.941796875	0.86640625	0.8328125	0.8453125	0.8609375
223	1e-05	0.01	0.9064252376556396	1.0067402124404907	0.941875	0.86640625	0.8328125	0.8453125	0.8609375
224	1e-05	0.01	0.9038704037666321	1.004051923751831	0.94171875	0.86640625	0.8328125	0.8453125	0.8609375
225	1e-05	0.01	0.9013241529464722	1.001386046409607	0.94171875	0.86640625	0.8328125	0.8453125	0.8609375
226	1e-05	0.01	0.8987947702407837	0.998745322227478	0.94140625	0.86640625	0.8328125	0.8453125	0.8609375
227	1e-05	0.01	0.8962820172309875	0.9960861206054688	0.94140625	0.86640625	0.8328125	0.8453125	0.8609375
228	1e-05	0.01	0.8937838077545166	0.9934647679328918	0.94125	0.86640625	0.8328125	0.8453125	0.8609375
229	1e-05	0.01	0.8913010954856873	0.9908716082572937	0.94109375	0.86640625	0.8328125	0.8453125	0.8609375
230	1e-05	0.01	0.8888332843780518	0.9882889986038208	0.941015625	0.86640625	0.8328125	0.8453125	0.8609375
231	1e-05	0.01	0.8863786458969116	0.9856916666030884	0.940859375	0.86640625	0.8328125	0.8453125	0.8609375
232	1e-05	0.01	0.8839389085769653	0.9831289052963257	0.940703125	0.86640625	0.8328125	0.8453125	0.8609375
233	1e-05	0.01	0.8815132975578308	0.980579674243927	0.940703125	0.86640625	0.8328125	0.8453125	0.8609375
234	1e-05	0.01	0.8791037201881409	0.9780378341674805	0.940390625	0.86640625	0.8328125	0.8453125	0.8609375
235	1e-05	0.01	0.8767098784446716	0.9755229949951172	0.9403125	0.86640625	0.8328125	0.8453125	0.8609375
236	1e-05	0.01	0.8743306994438171	0.9730372428894043	0.9403125	0.866015625	0.8328125	0.8453125	0.8609375
237	1e-05	0.01	0.8719670176506042	0.9705612063407898	0.940234375	0.865625	0.8328125	0.8453125	0.8609375
238	1e-05	0.01	0.8696162700653076	0.9680780172348022	0.940078125	0.866015625	0.8328125	0.8453125	0.8609375
239	1e-05	0.01	0.8672811985015869	0.9656299352645874	0.940078125	0.865625	0.8328125	0.8453125	0.8609375
240	1e-05	0.01	0.8649601936340332	0.963156521320343	0.93984375	0.86640625	0.8328125	0.8453125	0.8609375
241	1e-05	0.01	0.8626534938812256	0.9607473611831665	0.93984375	0.866015625	0.8328125	0.8453125	0.8609375
242	1e-05	0.01	0.8603606224060059	0.958339512348175	0.93984375	0.865625	0.8328125	0.8453125	0.8609375
243	1e-05	0.01	0.8580812215805054	0.9559402465820312	0.939765625	0.865625	0.8328125	0.8453125	0.8609375
244	1e-05	0.01	0.8558146953582764	0.9535413980484009	0.939375	0.866015625	0.8328125	0.8453125	0.8609375
245	1e-05	0.01	0.8535627126693726	0.951145350933075	0.939453125	0.86640625	0.8328125	0.8453125	0.8609375
246	1e-05	0.01	0.8513224124908447	0.9487943649291992	0.93921875	0.866015625	0.8328125	0.8453125	0.8609375
247	1e-05	0.01	0.8490986824035645	0.9464570879936218	0.9390625	0.866015625	0.8328125	0.8453125	0.8609375
248	1e-05	0.01	0.8468896746635437	0.9441401362419128	0.939296875	0.865625	0.8328125	0.8453125	0.8609375
249	1e-05	0.01	0.844694972038269	0.941828727722168	0.939296875	0.865234375	0.8328125	0.8453125	0.8609375
250	1e-05	0.01	0.8425151705741882	0.9395191073417664	0.9390625	0.865625	0.8328125	0.8453125	0.8609375
251	1e-05	0.01	0.8403478860855103	0.9372457265853882	0.93921875	0.865234375	0.8328125	0.8453125	0.8609375
252	1e-05	0.01	0.8381938934326172	0.9349609613418579	0.93890625	0.865234375	0.8328125	0.8453125	0.8609375
253	1e-05	0.01	0.8360528349876404	0.9327055215835571	0.93890625	0.86484375	0.8328125	0.8453125	0.8609375
254	1e-05	0.01	0.8339348435401917	0.9304969906806946	0.938984375	0.863671875	0.8328125	0.8453125	0.8609375
255	1e-05	0.01	0.8318381309509277	0.9282814264297485	0.938984375	0.863671875	0.8328125	0.8453125	0.8609375
256	1e-05	0.01	0.8297609686851501	0.9260678291320801	0.93875	0.86484375	0.8328125	0.8453125	0.8609375
257	1e-05	0.01	0.8277015089988708	0.9238941073417664	0.93859375	0.864453125	0.8328125	0.8453125	0.8609375
258	1e-05	0.01	0.8256579637527466	0.9217403531074524	0.938515625	0.864453125	0.8328125	0.8453125	0.8609375
259	1e-05	0.01	0.8236296772956848	0.9195860028266907	0.93859375	0.864453125	0.8328125	0.8453125	0.8609375
260	1e-05	0.01	0.8216163516044617	0.9174559712409973	0.938359375	0.864453125	0.8328125	0.8453125	0.8609375
261	1e-05	0.01	0.8196169137954712	0.9153416752815247	0.93828125	0.8640625	0.8328125	0.8453125	0.8609375
262	1e-05	0.01	0.8176299333572388	0.9132472276687622	0.938046875	0.8640625	0.8328125	0.8453125	0.8609375
263	1e-05	0.01	0.8156545162200928	0.9111682772636414	0.9378125	0.8640625	0.8328125	0.8453125	0.8609375
264	1e-05	0.01	0.8136913776397705	0.9091061353683472	0.938125	0.86328125	0.8328125	0.8453125	0.8609375
265	1e-05	0.01	0.8117387294769287	0.9070321917533875	0.937578125	0.863671875	0.8328125	0.8453125	0.8609375
266	1e-05	0.01	0.8097981214523315	0.9049615859985352	0.937578125	0.8640625	0.8328125	0.8453125	0.8609375
267	1e-05	0.01	0.8078680634498596	0.9029378890991211	0.93734375	0.86328125	0.8328125	0.8453125	0.8609375
268	1e-05	0.01	0.8059472441673279	0.9008895754814148	0.937421875	0.863671875	0.8328125	0.8453125	0.8609375
269	1e-05	0.01	0.8040363192558289	0.8988640904426575	0.937265625	0.8640625	0.8328125	0.8453125	0.8609375
270	1e-05	0.01	0.8021352291107178	0.896838366985321	0.93703125	0.8640625	0.8328125	0.8453125	0.8609375
271	1e-05	0.01	0.8002414107322693	0.8948574066162109	0.9371875	0.86328125	0.8328125	0.8453125	0.8609375
272	1e-05	0.01	0.7983580231666565	0.8928548693656921	0.93703125	0.863671875	0.8328125	0.8453125	0.8609375
273	1e-05	0.01	0.7964840531349182	0.8908913731575012	0.936640625	0.862890625	0.8328125	0.8453125	0.8609375
274	1e-05	0.01	0.794618546962738	0.8889087438583374	0.9365625	0.862890625	0.8328125	0.8453125	0.8609375
275	1e-05	0.01	0.7927612066268921	0.8869447708129883	0.936484375	0.862890625	0.8328125	0.8453125	0.8609375
276	1e-05	0.01	0.7909116148948669	0.8849639892578125	0.936640625	0.863671875	0.8328125	0.8453125	0.8609375
277	1e-05	0.01	0.789070188999176	0.8830243945121765	0.936328125	0.86328125	0.8328125	0.8453125	0.8609375
278	1e-05	0.01	0.7872366309165955	0.8810815811157227	0.936328125	0.86328125	0.8328125	0.8453125	0.8609375
279	1e-05	0.01	0.7854112386703491	0.8791476488113403	0.93625	0.86328125	0.8328125	0.8453125	0.8609375
280	1e-05	0.01	0.7835937738418579	0.877200722694397	0.9365625	0.862890625	0.8328125	0.8453125	0.8609375
281	1e-05	0.01	0.781782329082489	0.8753076791763306	0.936171875	0.86328125	0.8328125	0.8453125	0.8609375
282	1e-05	0.01	0.7799780368804932	0.8733912706375122	0.93609375	0.86328125	0.8328125	0.8453125	0.8609375
283	1e-05	0.01	0.7781807780265808	0.8714753985404968	0.93609375	0.862890625	0.8328125	0.8453125	0.8609375
284	1e-05	0.01	0.7763903737068176	0.869581401348114	0.9359375	0.86328125	0.8328125	0.8453125	0.8609375
285	1e-05	0.01	0.7746065258979797	0.8676797151565552	0.936015625	0.8625	0.8328125	0.8453125	0.8609375
286	1e-05	0.01	0.7728292942047119	0.8657876253128052	0.9359375	0.8625	0.8328125	0.8453125	0.8609375
287	1e-05	0.01	0.7710577249526978	0.8639163970947266	0.9359375	0.862109375	0.8328125	0.8453125	0.8609375
288	1e-05	0.01	0.7692926526069641	0.8620427846908569	0.935859375	0.862109375	0.8328125	0.8453125	0.8609375
289	1e-05	0.01	0.7675341963768005	0.8601800203323364	0.93578125	0.862109375	0.8328125	0.8453125	0.8609375
290	1e-05	0.01	0.7657821178436279	0.8583154678344727	0.935703125	0.862109375	0.8328125	0.8453125	0.8609375
291	1e-05	0.01	0.7640361189842224	0.8564597964286804	0.935703125	0.862109375	0.8328125	0.8453125	0.8609375
292	1e-05	0.01	0.762295663356781	0.8546246290206909	0.93578125	0.861328125	0.8328125	0.8453125	0.8609375
293	1e-05	0.01	0.7605617046356201	0.8527857065200806	0.935625	0.861328125	0.8328125	0.8453125	0.8609375
294	1e-05	0.01	0.7588340640068054	0.8509616851806641	0.935390625	0.86171875	0.8328125	0.8453125	0.8609375
295	1e-05	0.01	0.7571120262145996	0.8491286039352417	0.935390625	0.86171875	0.8328125	0.8453125	0.8609375
296	1e-05	0.01	0.7553961873054504	0.8472956418991089	0.9353125	0.861328125	0.8328125	0.8453125	0.8609375
297	1e-05	0.01	0.7536868453025818	0.8454705476760864	0.935390625	0.86171875	0.8328125	0.8453125	0.8609375
298	1e-05	0.01	0.7519838213920593	0.8436596989631653	0.935390625	0.86171875	0.8328125	0.8453125	0.8609375
299	1e-05	0.01	0.7502874732017517	0.8418510556221008	0.935078125	0.86171875	0.8328125	0.8453125	0.8609375
300	1e-05	0.01	0.7485969662666321	0.8400623202323914	0.935	0.861328125	0.8328125	0.8453125	0.8609375
301	1e-05	0.01	0.7469139099121094	0.8382757306098938	0.93484375	0.8609375	0.8328125	0.8453125	0.8609375
302	1e-05	0.01	0.745237410068512	0.8365002870559692	0.934921875	0.861328125	0.8328125	0.8453125	0.8609375
303	1e-05	0.01	0.7435685992240906	0.8347207903862	0.9346875	0.8609375	0.8328125	0.8453125	0.8609375
304	1e-05	0.01	0.7419090867042542	0.8329471349716187	0.934765625	0.86015625	0.8328125	0.8453125	0.8609375
305	1e-05	0.01	0.7402592301368713	0.8311964273452759	0.934453125	0.86015625	0.8328125	0.8453125	0.8609375
306	1e-05	0.01	0.7386195659637451	0.8294461965560913	0.934453125	0.86015625	0.8328125	0.8453125	0.8609375
307	1e-05	0.01	0.7369896769523621	0.8277034759521484	0.934375	0.86015625	0.8328125	0.8453125	0.8609375
308	1e-05	0.01	0.7353690266609192	0.8259714245796204	0.9340625	0.86015625	0.8328125	0.8453125	0.8609375
309	1e-05	0.01	0.7337567806243896	0.8242603540420532	0.934140625	0.86015625	0.8328125	0.8453125	0.8609375
310	1e-05	0.01	0.732154905796051	0.8225595355033875	0.93421875	0.859375	0.8328125	0.8453125	0.8609375
311	1e-05	0.01	0.7305635809898376	0.8208659887313843	0.933984375	0.859375	0.8328125	0.8453125	0.8609375
312	1e-05	0.01	0.728981614112854	0.8191712498664856	0.93390625	0.859765625	0.8328125	0.8453125	0.8609375
313	1e-05	0.01	0.727408766746521	0.8175007104873657	0.933828125	0.859375	0.8328125	0.8453125	0.8609375
314	1e-05	0.01	0.7258453369140625	0.8158299326896667	0.933828125	0.859375	0.8328125	0.8453125	0.8609375
315	1e-05	0.01	0.7242922782897949	0.8141729235649109	0.933828125	0.859375	0.8328125	0.8453125	0.8609375
316	1e-05	0.01	0.7227482795715332	0.8125246167182922	0.933828125	0.859375	0.8328125	0.8453125	0.8609375
317	1e-05	0.01	0.7212157249450684	0.8108974695205688	0.933671875	0.85859375	0.8328125	0.8453125	0.8609375
318	1e-05	0.01	0.7196948528289795	0.8092650175094604	0.9334375	0.85859375	0.8328125	0.8453125	0.8609375
319	1e-05	0.01	0.7181861996650696	0.807664692401886	0.9334375	0.85859375	0.8328125	0.8453125	0.8609375
320	1e-05	0.01	0.7166886329650879	0.8060601353645325	0.9334375	0.858203125	0.8328125	0.8453125	0.8609375
321	1e-05	0.01	0.7152034640312195	0.8044863939285278	0.933359375	0.858203125	0.8328125	0.8453125	0.8609375
322	1e-05	0.01	0.7137267589569092	0.8028997182846069	0.933359375	0.858203125	0.8328125	0.8453125	0.8609375
323	1e-05	0.01	0.7122601270675659	0.801334023475647	0.933359375	0.858203125	0.8328125	0.8453125	0.8609375
324	1e-05	0.01	0.7108045816421509	0.7997757196426392	0.933359375	0.85859375	0.8328125	0.8453125	0.8609375
325	1e-05	0.01	0.7093581557273865	0.7982147932052612	0.93328125	0.858984375	0.8328125	0.8453125	0.8609375
326	1e-05	0.01	0.7079212665557861	0.7966761589050293	0.933203125	0.858984375	0.8328125	0.8453125	0.8609375
327	1e-05	0.01	0.7064929008483887	0.7951504588127136	0.933046875	0.858984375	0.8328125	0.8453125	0.8609375
328	1e-05	0.01	0.7050732374191284	0.7936277389526367	0.933046875	0.858984375	0.8328125	0.8453125	0.8609375
329	1e-05	0.01	0.7036619782447815	0.7921112775802612	0.933125	0.859375	0.8328125	0.8453125	0.8609375
330	1e-05	0.01	0.7022577524185181	0.7906279563903809	0.933046875	0.85859375	0.8328125	0.8453125	0.8609375
331	1e-05	0.01	0.7008612155914307	0.7891103029251099	0.932578125	0.859765625	0.8328125	0.8453125	0.8609375
332	1e-05	0.01	0.6994714140892029	0.7876351475715637	0.932890625	0.858984375	0.8328125	0.8453125	0.8609375
333	1e-05	0.01	0.6980896592140198	0.7861558794975281	0.932578125	0.858984375	0.8328125	0.8453125	0.8609375
334	1e-05	0.01	0.6967147588729858	0.7846850156784058	0.932578125	0.858984375	0.8328125	0.8453125	0.8609375
335	1e-05	0.01	0.6953460574150085	0.7832176089286804	0.93234375	0.858984375	0.8328125	0.8453125	0.8609375
336	1e-05	0.01	0.693983793258667	0.7817574143409729	0.9321875	0.858984375	0.8328125	0.8453125	0.8609375
337	1e-05	0.01	0.6926278471946716	0.7803080677986145	0.932265625	0.858984375	0.8328125	0.8453125	0.8609375
338	1e-05	0.01	0.6912785172462463	0.7788402438163757	0.9325	0.859765625	0.8328125	0.8453125	0.8609375
339	1e-05	0.01	0.6899347901344299	0.7774036526679993	0.93234375	0.858984375	0.8328125	0.8453125	0.8609375
340	1e-05	0.01	0.6885970234870911	0.775977611541748	0.9321875	0.858984375	0.8328125	0.8453125	0.8609375
341	1e-05	0.01	0.6872650384902954	0.7745422124862671	0.93234375	0.85859375	0.8328125	0.8453125	0.8609375
342	1e-05	0.01	0.6859385967254639	0.7731304168701172	0.9321875	0.858984375	0.8328125	0.8453125	0.8609375
343	1e-05	0.01	0.6846188902854919	0.7717328667640686	0.93203125	0.858984375	0.8328125	0.8453125	0.8609375
344	1e-05	0.01	0.6833027601242065	0.7703096866607666	0.932109375	0.858984375	0.8328125	0.8453125	0.8609375
345	1e-05	0.01	0.681992769241333	0.7688940763473511	0.931796875	0.85859375	0.8328125	0.8453125	0.8609375
346	1e-05	0.01	0.6806890964508057	0.767484724521637	0.931953125	0.858984375	0.8328125	0.8453125	0.8609375
347	1e-05	0.01	0.6793901324272156	0.7660976052284241	0.931796875	0.858984375	0.8328125	0.8453125	0.8609375
348	1e-05	0.01	0.6780965924263	0.7646994590759277	0.931875	0.858984375	0.8328125	0.8453125	0.8609375
349	1e-05	0.01	0.67680823802948	0.7633275985717773	0.93171875	0.858984375	0.8328125	0.8453125	0.8609375
350	1e-05	0.01	0.6755256056785583	0.7619398832321167	0.931640625	0.858984375	0.8328125	0.8453125	0.8609375
351	1e-05	0.01	0.6742483377456665	0.7605821490287781	0.93171875	0.858984375	0.8328125	0.8453125	0.8609375
352	1e-05	0.01	0.6729761362075806	0.7592054605484009	0.931484375	0.858984375	0.8328125	0.8453125	0.8609375
353	1e-05	0.01	0.671710193157196	0.7578314542770386	0.9315625	0.859375	0.8328125	0.8453125	0.8609375
354	1e-05	0.01	0.6704480648040771	0.7564851641654968	0.93140625	0.858984375	0.8328125	0.8453125	0.8609375
355	1e-05	0.01	0.6691927909851074	0.755132794380188	0.931484375	0.859375	0.8328125	0.8453125	0.8609375
356	1e-05	0.01	0.6679426431655884	0.7537919878959656	0.93140625	0.858984375	0.8328125	0.8453125	0.8609375
357	1e-05	0.01	0.666698157787323	0.7524725794792175	0.93140625	0.858984375	0.8328125	0.8453125	0.8609375
358	1e-05	0.01	0.6654586791992188	0.7511333227157593	0.93125	0.858984375	0.8328125	0.8453125	0.8609375
359	1e-05	0.01	0.6642248630523682	0.7497919201850891	0.93125	0.859375	0.8328125	0.8453125	0.8609375
360	1e-05	0.01	0.6629963517189026	0.7484782934188843	0.93125	0.858984375	0.8328125	0.8453125	0.8609375
361	1e-05	0.01	0.6617730855941772	0.7471679449081421	0.931171875	0.858984375	0.8328125	0.8453125	0.8609375
362	1e-05	0.01	0.660554826259613	0.7458536028862	0.931171875	0.858984375	0.8328125	0.8453125	0.8609375
363	1e-05	0.01	0.6593418121337891	0.7445465326309204	0.93109375	0.858984375	0.8328125	0.8453125	0.8609375
364	1e-05	0.01	0.658134937286377	0.7432686686515808	0.93109375	0.858984375	0.8328125	0.8453125	0.8609375
365	1e-05	0.01	0.6569307446479797	0.7419496178627014	0.93109375	0.858984375	0.8328125	0.8453125	0.8609375
366	1e-05	0.01	0.6557328701019287	0.740664005279541	0.9309375	0.858984375	0.8328125	0.8453125	0.8609375
367	1e-05	0.01	0.6545402407646179	0.7393690347671509	0.9309375	0.859375	0.8328125	0.8453125	0.8609375
368	1e-05	0.01	0.653351902961731	0.7381024360656738	0.93078125	0.858984375	0.8328125	0.8453125	0.8609375
369	1e-05	0.01	0.6521687507629395	0.7368296384811401	0.93078125	0.858984375	0.8328125	0.8453125	0.8609375
370	1e-05	0.01	0.6509897112846375	0.7355554699897766	0.93078125	0.858984375	0.8328125	0.8453125	0.8609375
371	1e-05	0.01	0.6498156785964966	0.7342973351478577	0.930625	0.858984375	0.8328125	0.8453125	0.8609375
372	1e-05	0.01	0.6486456394195557	0.733031153678894	0.930703125	0.858984375	0.8328125	0.8453125	0.8609375
373	1e-05	0.01	0.6474803686141968	0.7317712903022766	0.930703125	0.858984375	0.8328125	0.8453125	0.8609375
374	1e-05	0.01	0.6463196277618408	0.7305091023445129	0.930859375	0.858984375	0.8328125	0.8453125	0.8609375
375	1e-05	0.01	0.6451627612113953	0.7292760610580444	0.93046875	0.858984375	0.8328125	0.8453125	0.8609375
376	1e-05	0.01	0.6440107822418213	0.7280230522155762	0.930625	0.858984375	0.8328125	0.8453125	0.8609375
377	1e-05	0.01	0.6428630948066711	0.7268060445785522	0.930234375	0.858984375	0.8328125	0.8453125	0.8609375
378	1e-05	0.01	0.6417201161384583	0.7255736589431763	0.93015625	0.858984375	0.8328125	0.8453125	0.8609375
379	1e-05	0.01	0.6405807733535767	0.7243280410766602	0.93046875	0.85859375	0.8328125	0.8453125	0.8609375
380	1e-05	0.01	0.6394464373588562	0.7231013178825378	0.93046875	0.858984375	0.8328125	0.8453125	0.8609375
381	1e-05	0.01	0.6383170485496521	0.721873939037323	0.930390625	0.86015625	0.8328125	0.8453125	0.8609375
382	1e-05	0.01	0.6371908187866211	0.7206757068634033	0.9303125	0.85859375	0.8328125	0.8453125	0.8609375
383	1e-05	0.01	0.6360695958137512	0.7194650173187256	0.930234375	0.85859375	0.8328125	0.8453125	0.8609375
384	1e-05	0.01	0.63495272397995	0.7182496786117554	0.930234375	0.859375	0.8328125	0.8453125	0.8609375
385	1e-05	0.01	0.633840799331665	0.7170387506484985	0.930078125	0.86015625	0.8328125	0.8453125	0.8609375
386	1e-05	0.01	0.6327327489852905	0.7158663868904114	0.929921875	0.85859375	0.8328125	0.8453125	0.8609375
387	1e-05	0.01	0.6316303014755249	0.7146661877632141	0.929921875	0.859375	0.8328125	0.8453125	0.8609375
388	1e-05	0.01	0.630533754825592	0.7134720683097839	0.92984375	0.86015625	0.8328125	0.8453125	0.8609375
389	1e-05	0.01	0.6294428110122681	0.7122899293899536	0.9296875	0.86015625	0.8328125	0.8453125	0.8609375
390	1e-05	0.01	0.6283570528030396	0.7111159563064575	0.92953125	0.86015625	0.8328125	0.8453125	0.8609375
391	1e-05	0.01	0.6272764801979065	0.7099431157112122	0.929296875	0.86015625	0.8328125	0.8453125	0.8609375
392	1e-05	0.01	0.6262008547782898	0.7087785005569458	0.929140625	0.86015625	0.8328125	0.8453125	0.8609375
393	1e-05	0.01	0.6251299977302551	0.7076385617256165	0.929375	0.859375	0.8328125	0.8453125	0.8609375
394	1e-05	0.01	0.6240649819374084	0.7064775228500366	0.9290625	0.859765625	0.8328125	0.8453125	0.8609375
395	1e-05	0.01	0.6230053305625916	0.7053323984146118	0.928984375	0.859765625	0.8328125	0.8453125	0.8609375
396	1e-05	0.01	0.6219523549079895	0.7042118310928345	0.929296875	0.859375	0.8328125	0.8453125	0.8609375
397	1e-05	0.01	0.6209024786949158	0.70306396484375	0.928828125	0.859375	0.8328125	0.8453125	0.8609375
398	1e-05	0.01	0.6198588609695435	0.7019215226173401	0.9284375	0.859765625	0.8328125	0.8453125	0.8609375
399	1e-05	0.01	0.6188212037086487	0.7008110284805298	0.92875	0.859375	0.8328125	0.8453125	0.8609375
400	1e-05	0.01	0.6177881956100464	0.6996835470199585	0.9284375	0.859765625	0.8328125	0.8453125	0.8609375
401	1e-05	0.01	0.6167612671852112	0.6985574960708618	0.9284375	0.859375	0.8328125	0.8453125	0.8609375
402	1e-05	0.01	0.6157426238059998	0.6974274516105652	0.928515625	0.859765625	0.8328125	0.8453125	0.8609375
403	1e-05	0.01	0.6147232055664062	0.6963375806808472	0.928359375	0.859765625	0.8328125	0.8453125	0.8609375
404	1e-05	0.01	0.613710880279541	0.6952405571937561	0.928359375	0.859765625	0.8328125	0.8453125	0.8609375
405	1e-05	0.01	0.6127028465270996	0.6941562294960022	0.928359375	0.859375	0.8328125	0.8453125	0.8609375
406	1e-05	0.01	0.6117001175880432	0.6930737495422363	0.928359375	0.858984375	0.8328125	0.8453125	0.8609375
407	1e-05	0.01	0.6107025742530823	0.6920005083084106	0.928203125	0.859375	0.8328125	0.8453125	0.8609375
408	1e-05	0.01	0.6097100377082825	0.6909216642379761	0.928203125	0.859375	0.8328125	0.8453125	0.8609375
409	1e-05	0.01	0.608722448348999	0.6898356676101685	0.928203125	0.859375	0.8328125	0.8453125	0.8609375
410	1e-05	0.01	0.6077401041984558	0.6887708902359009	0.928046875	0.858984375	0.8328125	0.8453125	0.8609375
411	1e-05	0.01	0.606763482093811	0.6877177953720093	0.927890625	0.859375	0.8328125	0.8453125	0.8609375
412	1e-05	0.01	0.605791449546814	0.6866539716720581	0.927890625	0.858984375	0.8328125	0.8453125	0.8609375
413	1e-05	0.01	0.6048243045806885	0.6855990290641785	0.9278125	0.858984375	0.8328125	0.8453125	0.8609375
414	1e-05	0.01	0.6038625240325928	0.6845518350601196	0.92765625	0.859765625	0.8328125	0.8453125	0.8609375
415	1e-05	0.01	0.6029075384140015	0.6835134625434875	0.9275	0.859375	0.8328125	0.8453125	0.8609375
416	1e-05	0.01	0.6019597053527832	0.6824859380722046	0.92765625	0.858984375	0.8328125	0.8453125	0.8609375
417	1e-05	0.01	0.6010189652442932	0.6814600229263306	0.927578125	0.858984375	0.8328125	0.8453125	0.8609375
418	1e-05	0.01	0.6000854969024658	0.6804476976394653	0.92734375	0.858984375	0.8328125	0.8453125	0.8609375
419	1e-05	0.01	0.5991594791412354	0.6794370412826538	0.92734375	0.858984375	0.8328125	0.8453125	0.8609375
420	1e-05	0.01	0.5982410907745361	0.6784423589706421	0.926953125	0.858984375	0.8328125	0.8453125	0.8609375
421	1e-05	0.01	0.597328782081604	0.6774421334266663	0.926796875	0.858984375	0.8328125	0.8453125	0.8609375
422	1e-05	0.01	0.5964235067367554	0.67645263671875	0.926796875	0.858984375	0.8328125	0.8453125	0.8609375
423	1e-05	0.01	0.5955252647399902	0.6754649877548218	0.926640625	0.85859375	0.8328125	0.8453125	0.8609375
424	1e-05	0.01	0.5946338176727295	0.6744896173477173	0.926640625	0.85859375	0.8328125	0.8453125	0.8609375
425	1e-05	0.01	0.5937491655349731	0.6735330820083618	0.92671875	0.85859375	0.8328125	0.8453125	0.8609375
426	1e-05	0.01	0.5928696393966675	0.6725600957870483	0.926640625	0.85859375	0.8328125	0.8453125	0.8609375
427	1e-05	0.01	0.5919969081878662	0.6715996861457825	0.92625	0.858984375	0.8328125	0.8453125	0.8609375
428	1e-05	0.01	0.591132402420044	0.6706358194351196	0.92625	0.859375	0.8328125	0.8453125	0.8609375
429	1e-05	0.01	0.5902727246284485	0.6696957349777222	0.92625	0.859375	0.8328125	0.8453125	0.8609375
430	1e-05	0.01	0.5894186496734619	0.6687718629837036	0.92609375	0.859375	0.8328125	0.8453125	0.8609375
431	1e-05	0.01	0.5885719656944275	0.6678644418716431	0.92640625	0.85859375	0.8328125	0.8453125	0.8609375
432	1e-05	0.01	0.5877325534820557	0.6669518947601318	0.92625	0.85859375	0.8328125	0.8453125	0.8609375
433	1e-05	0.01	0.586898922920227	0.6660345196723938	0.92609375	0.85859375	0.8328125	0.8453125	0.8609375
434	1e-05	0.01	0.5860718488693237	0.6651228666305542	0.92609375	0.85859375	0.8328125	0.8453125	0.8609375
435	1e-05	0.01	0.5852513313293457	0.664223849773407	0.92609375	0.85859375	0.8328125	0.8453125	0.8609375
436	1e-05	0.01	0.5844363570213318	0.663325309753418	0.92578125	0.85859375	0.8328125	0.8453125	0.8609375
437	1e-05	0.01	0.5836275815963745	0.662429928779602	0.92546875	0.858984375	0.8328125	0.8453125	0.8609375
438	1e-05	0.01	0.5828245282173157	0.6615570187568665	0.92546875	0.85859375	0.8328125	0.8453125	0.8609375
439	1e-05	0.01	0.5820270776748657	0.6606823205947876	0.92546875	0.85859375	0.8328125	0.8453125	0.8609375
440	1e-05	0.01	0.5812351703643799	0.6598155498504639	0.9253125	0.85859375	0.8328125	0.8453125	0.8609375
441	1e-05	0.01	0.5804480314254761	0.6589449644088745	0.9253125	0.85859375	0.8328125	0.8453125	0.8609375
442	1e-05	0.01	0.5796667337417603	0.6580796241760254	0.925234375	0.85859375	0.8328125	0.8453125	0.8609375
443	1e-05	0.01	0.5788906812667847	0.6572292447090149	0.925078125	0.85859375	0.8328125	0.8453125	0.8609375
444	1e-05	0.01	0.5781195759773254	0.6563742756843567	0.925078125	0.858984375	0.8328125	0.8453125	0.8609375
445	1e-05	0.01	0.5773542523384094	0.6555202603340149	0.925078125	0.85859375	0.8328125	0.8453125	0.8609375
446	1e-05	0.01	0.5765924453735352	0.6546942591667175	0.924765625	0.858984375	0.8328125	0.8453125	0.8609375
447	1e-05	0.01	0.5758360028266907	0.6538708806037903	0.925078125	0.858984375	0.8328125	0.8453125	0.8609375
448	1e-05	0.01	0.575083315372467	0.6530313491821289	0.9246875	0.85859375	0.8328125	0.8453125	0.8609375
449	1e-05	0.01	0.5743351578712463	0.6522074937820435	0.92453125	0.858984375	0.8328125	0.8453125	0.8609375
450	1e-05	0.01	0.5735909342765808	0.6513909101486206	0.92453125	0.858984375	0.8328125	0.8453125	0.8609375
451	1e-05	0.01	0.5728511214256287	0.6505741477012634	0.92421875	0.858984375	0.8328125	0.8453125	0.8609375
452	1e-05	0.01	0.5721154808998108	0.649763822555542	0.92421875	0.858984375	0.8328125	0.8453125	0.8609375
453	1e-05	0.01	0.5713837742805481	0.6489527225494385	0.9240625	0.85859375	0.8328125	0.8453125	0.8609375
454	1e-05	0.01	0.5706557631492615	0.6481501460075378	0.9240625	0.85859375	0.8328125	0.8453125	0.8609375
455	1e-05	0.01	0.5699312090873718	0.6473527550697327	0.92390625	0.85859375	0.8328125	0.8453125	0.8609375
456	1e-05	0.01	0.5692100524902344	0.6465591192245483	0.92359375	0.85859375	0.8328125	0.8453125	0.8609375
457	1e-05	0.01	0.568492591381073	0.645767331123352	0.923359375	0.85859375	0.8328125	0.8453125	0.8609375
458	1e-05	0.01	0.5677782297134399	0.6449849009513855	0.923671875	0.858984375	0.8328125	0.8453125	0.8609375
459	1e-05	0.01	0.5670675039291382	0.6442081332206726	0.923984375	0.859375	0.8328125	0.8453125	0.8609375
460	1e-05	0.01	0.5663597583770752	0.6434162855148315	0.92328125	0.858984375	0.8328125	0.8453125	0.8609375
461	1e-05	0.01	0.565655529499054	0.6426482200622559	0.9234375	0.859375	0.8328125	0.8453125	0.8609375
462	1e-05	0.01	0.5649541616439819	0.6418735980987549	0.9234375	0.858984375	0.8328125	0.8453125	0.8609375
463	1e-05	0.01	0.5642560720443726	0.6410940885543823	0.923203125	0.858984375	0.8328125	0.8453125	0.8609375
464	1e-05	0.01	0.5635609030723572	0.6403296589851379	0.923203125	0.858984375	0.8328125	0.8453125	0.8609375
465	1e-05	0.01	0.5628688931465149	0.6395641565322876	0.923203125	0.858984375	0.8328125	0.8453125	0.8609375
466	1e-05	0.01	0.562180757522583	0.6388150453567505	0.923203125	0.859375	0.8328125	0.8453125	0.8609375
467	1e-05	0.01	0.5614948868751526	0.6380391716957092	0.92234375	0.858984375	0.8328125	0.8453125	0.8609375
468	1e-05	0.01	0.5608123540878296	0.6372820138931274	0.92203125	0.858984375	0.8328125	0.8453125	0.8609375
469	1e-05	0.01	0.5601322650909424	0.6365493535995483	0.922890625	0.858984375	0.8328125	0.8453125	0.8609375
470	1e-05	0.01	0.5594553351402283	0.6358038187026978	0.922890625	0.85859375	0.8328125	0.8453125	0.8609375
471	1e-05	0.01	0.558780312538147	0.6350489854812622	0.92234375	0.858984375	0.8328125	0.8453125	0.8609375
472	1e-05	0.01	0.5581089854240417	0.6343021392822266	0.9221875	0.858984375	0.8328125	0.8453125	0.8609375
473	1e-05	0.01	0.5574406385421753	0.6335566639900208	0.92203125	0.858984375	0.8328125	0.8453125	0.8609375
474	1e-05	0.01	0.5567757487297058	0.6328131556510925	0.92203125	0.858984375	0.8328125	0.8453125	0.8609375
475	1e-05	0.01	0.5561130046844482	0.6320823431015015	0.921953125	0.858984375	0.8328125	0.8453125	0.8609375
476	1e-05	0.01	0.555452823638916	0.6313575506210327	0.922109375	0.858984375	0.8328125	0.8453125	0.8609375
477	1e-05	0.01	0.5547961592674255	0.630638837814331	0.9221875	0.858984375	0.8328125	0.8453125	0.8609375
478	1e-05	0.01	0.5541427731513977	0.629899263381958	0.921875	0.85859375	0.8328125	0.8453125	0.8609375
479	1e-05	0.01	0.5534915328025818	0.6291869282722473	0.922109375	0.858984375	0.8328125	0.8453125	0.8609375
480	1e-05	0.01	0.5528441667556763	0.6284603476524353	0.921875	0.85859375	0.8328125	0.8453125	0.8609375
481	1e-05	0.01	0.552198588848114	0.6277519464492798	0.921953125	0.858984375	0.8328125	0.8453125	0.8609375
482	1e-05	0.01	0.5515561103820801	0.6270394921302795	0.921953125	0.858984375	0.8328125	0.8453125	0.8609375
483	1e-05	0.01	0.5509167313575745	0.6263264417648315	0.921953125	0.85859375	0.8328125	0.8453125	0.8609375
484	1e-05	0.01	0.550279438495636	0.6256294250488281	0.921875	0.85859375	0.8328125	0.8453125	0.8609375
485	1e-05	0.01	0.5496454834938049	0.6249318718910217	0.921796875	0.85859375	0.8328125	0.8453125	0.8609375
486	1e-05	0.01	0.5490134954452515	0.6242185831069946	0.921796875	0.85859375	0.8328125	0.8453125	0.8609375
487	1e-05	0.01	0.5483843088150024	0.6235233545303345	0.921796875	0.85859375	0.8328125	0.8453125	0.8609375
488	1e-05	0.01	0.5477578639984131	0.6228299736976624	0.92171875	0.85859375	0.8328125	0.8453125	0.8609375
489	1e-05	0.01	0.5471342206001282	0.622128963470459	0.921484375	0.85859375	0.8328125	0.8453125	0.8609375
490	1e-05	0.01	0.5465131998062134	0.6214491128921509	0.9215625	0.85859375	0.8328125	0.8453125	0.8609375
491	1e-05	0.01	0.5458946228027344	0.6207588911056519	0.921484375	0.858203125	0.8328125	0.8453125	0.8609375
492	1e-05	0.01	0.545278787612915	0.6200724840164185	0.92140625	0.858203125	0.8328125	0.8453125	0.8609375
493	1e-05	0.01	0.5446658730506897	0.6194033622741699	0.9215625	0.85859375	0.8328125	0.8453125	0.8609375
494	1e-05	0.01	0.5440555214881897	0.6187289357185364	0.9215625	0.858203125	0.8328125	0.8453125	0.8609375
495	1e-05	0.01	0.5434473752975464	0.6180550456047058	0.9215625	0.85859375	0.8328125	0.8453125	0.8609375
496	1e-05	0.01	0.5428418517112732	0.6173831224441528	0.921484375	0.85859375	0.8328125	0.8453125	0.8609375
497	1e-05	0.01	0.5422366857528687	0.6166952252388	0.921328125	0.858203125	0.8328125	0.8453125	0.8609375
498	1e-05	0.01	0.5416355729103088	0.6160203218460083	0.921171875	0.858203125	0.8328125	0.8453125	0.8609375
499	1e-05	0.01	0.5410373210906982	0.6153512001037598	0.921171875	0.85859375	0.8328125	0.8453125	0.8609375
500	1e-05	0.01	0.5404420495033264	0.6146870255470276	0.921171875	0.85859375	0.8328125	0.8453125	0.8609375
501	1e-05	0.01	0.5398498177528381	0.6140336394309998	0.921171875	0.858203125	0.8328125	0.8453125	0.8609375
502	1e-05	0.01	0.5392606854438782	0.6133788228034973	0.92125	0.858203125	0.8328125	0.8453125	0.8609375
503	1e-05	0.01	0.5386744141578674	0.61272132396698	0.921171875	0.858203125	0.8328125	0.8453125	0.8609375
504	1e-05	0.01	0.5380911827087402	0.6120705604553223	0.921171875	0.858203125	0.8328125	0.8453125	0.8609375
505	1e-05	0.01	0.537510871887207	0.6114276647567749	0.921171875	0.858203125	0.8328125	0.8453125	0.8609375
506	1e-05	0.01	0.5369335412979126	0.6107837557792664	0.921171875	0.858203125	0.8328125	0.8453125	0.8609375
507	1e-05	0.01	0.5363589525222778	0.6101392507553101	0.921171875	0.858203125	0.8328125	0.8453125	0.8609375
508	1e-05	0.01	0.5357869863510132	0.6095020174980164	0.92109375	0.858203125	0.8328125	0.8453125	0.8609375
509	1e-05	0.01	0.5352180004119873	0.6088696122169495	0.921171875	0.858203125	0.8328125	0.8453125	0.8609375
510	1e-05	0.01	0.5346515774726868	0.6082237362861633	0.92109375	0.858984375	0.8328125	0.8453125	0.8609375
511	1e-05	0.01	0.5340880751609802	0.6076021790504456	0.921015625	0.858203125	0.8328125	0.8453125	0.8609375
512	1e-05	0.01	0.5335275530815125	0.6069730520248413	0.921015625	0.858203125	0.8328125	0.8453125	0.8609375
513	1e-05	0.01	0.5329699516296387	0.6063458919525146	0.921015625	0.85859375	0.8328125	0.8453125	0.8609375
514	1e-05	0.01	0.5324150919914246	0.6057276725769043	0.921015625	0.85859375	0.8328125	0.8453125	0.8609375
515	1e-05	0.01	0.5318629741668701	0.6051052808761597	0.921015625	0.858984375	0.8328125	0.8453125	0.8609375
516	1e-05	0.01	0.531313419342041	0.6044957041740417	0.921015625	0.85859375	0.8328125	0.8453125	0.8609375
517	1e-05	0.01	0.5307670831680298	0.6038783192634583	0.921015625	0.858984375	0.8328125	0.8453125	0.8609375
518	1e-05	0.01	0.5302233099937439	0.6032756567001343	0.92078125	0.85859375	0.8328125	0.8453125	0.8609375
519	1e-05	0.01	0.5296825766563416	0.6026765704154968	0.92078125	0.858203125	0.8328125	0.8453125	0.8609375
520	1e-05	0.01	0.5291441082954407	0.6020686626434326	0.92078125	0.858203125	0.8328125	0.8453125	0.8609375
521	1e-05	0.01	0.5286092758178711	0.601474940776825	0.92078125	0.858203125	0.8328125	0.8453125	0.8609375
522	1e-05	0.01	0.5280766487121582	0.600868821144104	0.92046875	0.85859375	0.8328125	0.8453125	0.8609375
523	1e-05	0.01	0.5275474190711975	0.6002682447433472	0.920390625	0.858984375	0.8328125	0.8453125	0.8609375
524	1e-05	0.01	0.5270208120346069	0.5996803641319275	0.92046875	0.85859375	0.8328125	0.8453125	0.8609375
525	1e-05	0.01	0.526497483253479	0.5991021394729614	0.92046875	0.858203125	0.8328125	0.8453125	0.8609375
526	1e-05	0.01	0.5259771943092346	0.5985221266746521	0.920546875	0.858203125	0.8328125	0.8453125	0.8609375
527	1e-05	0.01	0.5254588723182678	0.597927987575531	0.920390625	0.85859375	0.8328125	0.8453125	0.8609375
528	1e-05	0.01	0.5249446630477905	0.5973507165908813	0.9203125	0.858984375	0.8328125	0.8453125	0.8609375
529	1e-05	0.01	0.5244344472885132	0.5967656373977661	0.920234375	0.858984375	0.8328125	0.8453125	0.8609375
530	1e-05	0.01	0.5239270925521851	0.5962021946907043	0.920234375	0.85859375	0.8328125	0.8453125	0.8609375
531	1e-05	0.01	0.5234242677688599	0.5956222414970398	0.9203125	0.858984375	0.8328125	0.8453125	0.8609375
532	1e-05	0.01	0.5229231715202332	0.5950653553009033	0.920234375	0.858984375	0.8328125	0.8453125	0.8609375
533	1e-05	0.01	0.5224258899688721	0.5945078134536743	0.92015625	0.858984375	0.8328125	0.8453125	0.8609375
534	1e-05	0.01	0.5219321250915527	0.5939571261405945	0.92015625	0.85859375	0.8328125	0.8453125	0.8609375
535	1e-05	0.01	0.5214415192604065	0.5933981537818909	0.92015625	0.858984375	0.8328125	0.8453125	0.8609375
536	1e-05	0.01	0.5209543108940125	0.5928469896316528	0.92015625	0.858984375	0.8328125	0.8453125	0.8609375
537	1e-05	0.01	0.520470142364502	0.5923050045967102	0.920078125	0.85859375	0.8328125	0.8453125	0.8609375
538	1e-05	0.01	0.5199890732765198	0.5917564630508423	0.919921875	0.858984375	0.8328125	0.8453125	0.8609375
539	1e-05	0.01	0.5195111632347107	0.5912230610847473	0.919921875	0.85859375	0.8328125	0.8453125	0.8609375
540	1e-05	0.01	0.5190362930297852	0.590684711933136	0.919765625	0.85859375	0.8328125	0.8453125	0.8609375
541	1e-05	0.01	0.5185644626617432	0.5901451110839844	0.9196875	0.859375	0.8328125	0.8453125	0.8609375
542	1e-05	0.01	0.5180961489677429	0.5896087288856506	0.919453125	0.858984375	0.8328125	0.8453125	0.8609375
543	1e-05	0.01	0.5176301002502441	0.5890825390815735	0.919375	0.858984375	0.8328125	0.8453125	0.8609375
544	1e-05	0.01	0.5171666741371155	0.5885602235794067	0.919375	0.858984375	0.8328125	0.8453125	0.8609375
545	1e-05	0.01	0.516706109046936	0.5880451202392578	0.919453125	0.858984375	0.8328125	0.8453125	0.8609375
546	1e-05	0.01	0.5162487626075745	0.5875304937362671	0.91953125	0.859375	0.8328125	0.8453125	0.8609375
547	1e-05	0.01	0.5157941579818726	0.5870050191879272	0.919375	0.858984375	0.8328125	0.8453125	0.8609375
548	1e-05	0.01	0.5153419971466064	0.5865005850791931	0.919296875	0.859375	0.8328125	0.8453125	0.8609375
549	1e-05	0.01	0.5148926377296448	0.5859954953193665	0.919375	0.858984375	0.8328125	0.8453125	0.8609375
550	1e-05	0.01	0.5144456624984741	0.5854878425598145	0.919375	0.859375	0.8328125	0.8453125	0.8609375
551	1e-05	0.01	0.5140010714530945	0.5849794149398804	0.919140625	0.859375	0.8328125	0.8453125	0.8609375
552	1e-05	0.01	0.5135587453842163	0.5844776034355164	0.919140625	0.859375	0.8328125	0.8453125	0.8609375
553	1e-05	0.01	0.513119101524353	0.5839697122573853	0.91921875	0.859375	0.8328125	0.8453125	0.8609375
554	1e-05	0.01	0.5126811861991882	0.5834821462631226	0.919140625	0.859375	0.8328125	0.8453125	0.8609375
555	1e-05	0.01	0.5122460722923279	0.5829800367355347	0.9190625	0.859765625	0.8328125	0.8453125	0.8609375
556	1e-05	0.01	0.5118131041526794	0.5824964046478271	0.918984375	0.859375	0.8328125	0.8453125	0.8609375
557	1e-05	0.01	0.5113826990127563	0.5820015668869019	0.919140625	0.859375	0.8328125	0.8453125	0.8609375
558	1e-05	0.01	0.5109544396400452	0.5815126895904541	0.9190625	0.859375	0.8328125	0.8453125	0.8609375
559	1e-05	0.01	0.5105281472206116	0.5810308456420898	0.91890625	0.859375	0.8328125	0.8453125	0.8609375
560	1e-05	0.01	0.5101041793823242	0.5805491209030151	0.91890625	0.859765625	0.8328125	0.8453125	0.8609375
561	1e-05	0.01	0.5096829533576965	0.5800806283950806	0.91890625	0.859765625	0.8328125	0.8453125	0.8609375
562	1e-05	0.01	0.5092628002166748	0.5795941948890686	0.91875	0.859765625	0.8328125	0.8453125	0.8609375
563	1e-05	0.01	0.5088453888893127	0.5791255831718445	0.91890625	0.859765625	0.8328125	0.8453125	0.8609375
564	1e-05	0.01	0.5084294676780701	0.5786491632461548	0.91875	0.859765625	0.8328125	0.8453125	0.8609375
565	1e-05	0.01	0.5080156922340393	0.5781698226928711	0.91875	0.859375	0.8328125	0.8453125	0.8609375
566	1e-05	0.01	0.5076037049293518	0.5777047276496887	0.918671875	0.859765625	0.8328125	0.8453125	0.8609375
567	1e-05	0.01	0.5071938037872314	0.5772308111190796	0.918671875	0.859375	0.8328125	0.8453125	0.8609375
568	1e-05	0.01	0.5067858695983887	0.5767707824707031	0.918671875	0.859765625	0.8328125	0.8453125	0.8609375
569	1e-05	0.01	0.5063799023628235	0.5763036608695984	0.91859375	0.859375	0.8328125	0.8453125	0.8609375
570	1e-05	0.01	0.5059759020805359	0.5758388638496399	0.918515625	0.859375	0.8328125	0.8453125	0.8609375
571	1e-05	0.01	0.5055736303329468	0.5753775238990784	0.91828125	0.859765625	0.8328125	0.8453125	0.8609375
572	1e-05	0.01	0.5051729083061218	0.5749232769012451	0.918515625	0.859375	0.8328125	0.8453125	0.8609375
573	1e-05	0.01	0.5047738552093506	0.5744770169258118	0.918203125	0.859765625	0.8328125	0.8453125	0.8609375
574	1e-05	0.01	0.5043768882751465	0.574018657207489	0.918203125	0.859375	0.8328125	0.8453125	0.8609375
575	1e-05	0.01	0.5039815902709961	0.5735783576965332	0.918203125	0.859765625	0.8328125	0.8453125	0.8609375
576	1e-05	0.01	0.5035883188247681	0.573130190372467	0.918203125	0.859765625	0.8328125	0.8453125	0.8609375
577	1e-05	0.01	0.5031962394714355	0.5726770162582397	0.918125	0.859765625	0.8328125	0.8453125	0.8609375
578	1e-05	0.01	0.5028067827224731	0.5722230076789856	0.91796875	0.859375	0.8328125	0.8453125	0.8609375
579	1e-05	0.01	0.5024190545082092	0.5717767477035522	0.91796875	0.859375	0.8328125	0.8453125	0.8609375
580	1e-05	0.01	0.5020326375961304	0.5713388919830322	0.91796875	0.859375	0.8328125	0.8453125	0.8609375
581	1e-05	0.01	0.5016480684280396	0.5709027051925659	0.917890625	0.859375	0.8328125	0.8453125	0.8609375
582	1e-05	0.01	0.5012658834457397	0.570459246635437	0.917890625	0.859375	0.8328125	0.8453125	0.8609375
583	1e-05	0.01	0.5008850693702698	0.5700386762619019	0.91796875	0.859765625	0.8328125	0.8453125	0.8609375
584	1e-05	0.01	0.5005061030387878	0.5696039199829102	0.917734375	0.859765625	0.8328125	0.8453125	0.8609375
585	1e-05	0.01	0.5001288056373596	0.5691671967506409	0.91765625	0.859375	0.8328125	0.8453125	0.8609375
586	1e-05	0.01	0.4997534453868866	0.568735659122467	0.91765625	0.859375	0.8328125	0.8453125	0.8609375
587	1e-05	0.01	0.499380499124527	0.5683173537254333	0.917734375	0.859375	0.8328125	0.8453125	0.8609375
588	1e-05	0.01	0.49900898337364197	0.5678888559341431	0.91765625	0.859375	0.8328125	0.8453125	0.8609375
589	1e-05	0.01	0.49863961338996887	0.5674648284912109	0.91765625	0.859375	0.8328125	0.8453125	0.8609375
590	1e-05	0.01	0.49827343225479126	0.5670545697212219	0.917734375	0.859375	0.8328125	0.8453125	0.8609375
591	1e-05	0.01	0.4979064166545868	0.5666185021400452	0.9175	0.859375	0.8328125	0.8453125	0.8609375
592	1e-05	0.01	0.49754297733306885	0.566193163394928	0.917109375	0.859375	0.8328125	0.8453125	0.8609375
593	1e-05	0.01	0.4971814453601837	0.5657870173454285	0.917421875	0.858984375	0.8328125	0.8453125	0.8609375
594	1e-05	0.01	0.4968220889568329	0.5653780698776245	0.917421875	0.859375	0.8328125	0.8453125	0.8609375
595	1e-05	0.01	0.4964640736579895	0.5649625062942505	0.91734375	0.859375	0.8328125	0.8453125	0.8609375
596	1e-05	0.01	0.4961094260215759	0.5645624399185181	0.917265625	0.858984375	0.8328125	0.8453125	0.8609375
597	1e-05	0.01	0.49575531482696533	0.5641511082649231	0.9171875	0.858984375	0.8328125	0.8453125	0.8609375
598	1e-05	0.01	0.495403528213501	0.563744068145752	0.91703125	0.859375	0.8328125	0.8453125	0.8609375
599	1e-05	0.01	0.49505355954170227	0.5633288025856018	0.916953125	0.859375	0.8328125	0.8453125	0.8609375
600	1e-05	0.01	0.4947057366371155	0.5629285573959351	0.916953125	0.859375	0.8328125	0.8453125	0.8609375
601	1e-05	0.01	0.4943595826625824	0.5625327229499817	0.916796875	0.858984375	0.8328125	0.8453125	0.8609375
602	1e-05	0.01	0.49401605129241943	0.5621420741081238	0.916796875	0.858984375	0.8328125	0.8453125	0.8609375
603	1e-05	0.01	0.4936736226081848	0.5617450475692749	0.916796875	0.85859375	0.8328125	0.8453125	0.8609375
604	1e-05	0.01	0.49333351850509644	0.5613555908203125	0.916796875	0.858984375	0.8328125	0.8453125	0.8609375
605	1e-05	0.01	0.49299487471580505	0.5609645247459412	0.916796875	0.859375	0.8328125	0.8453125	0.8609375
606	1e-05	0.01	0.49265849590301514	0.5605557560920715	0.916796875	0.859375	0.8328125	0.8453125	0.8609375
607	1e-05	0.01	0.4923229515552521	0.5601733326911926	0.916640625	0.859375	0.8328125	0.8453125	0.8609375
608	1e-05	0.01	0.4919899106025696	0.5597861409187317	0.916640625	0.859375	0.8328125	0.8453125	0.8609375
609	1e-05	0.01	0.4916583299636841	0.5594058632850647	0.916640625	0.859375	0.8328125	0.8453125	0.8609375
610	1e-05	0.01	0.4913288354873657	0.559024453163147	0.916640625	0.858984375	0.8328125	0.8453125	0.8609375
611	1e-05	0.01	0.4910025894641876	0.5586345791816711	0.916640625	0.859375	0.8328125	0.8453125	0.8609375
612	1e-05	0.01	0.4906761646270752	0.5582596063613892	0.9165625	0.859375	0.8328125	0.8453125	0.8609375
613	1e-05	0.01	0.4903526306152344	0.5578822493553162	0.916484375	0.859375	0.8328125	0.8453125	0.8609375
614	1e-05	0.01	0.49002930521965027	0.5575149655342102	0.916640625	0.858984375	0.8328125	0.8453125	0.8609375
615	1e-05	0.01	0.48970839381217957	0.5571563839912415	0.916640625	0.858984375	0.8328125	0.8453125	0.8609375
616	1e-05	0.01	0.4893893301486969	0.5567752718925476	0.916640625	0.859375	0.8328125	0.8453125	0.8609375
617	1e-05	0.01	0.4890718162059784	0.5564119219779968	0.9165625	0.858984375	0.8328125	0.8453125	0.8609375
618	1e-05	0.01	0.48875632882118225	0.5560539364814758	0.916640625	0.859375	0.8328125	0.8453125	0.8609375
619	1e-05	0.01	0.48844268918037415	0.5556713342666626	0.91640625	0.858984375	0.8328125	0.8453125	0.8609375
620	1e-05	0.01	0.48812925815582275	0.5553144216537476	0.9165625	0.858984375	0.8328125	0.8453125	0.8609375
621	1e-05	0.01	0.48781800270080566	0.5549560785293579	0.9165625	0.858984375	0.8328125	0.8453125	0.8609375
622	1e-05	0.01	0.4875084161758423	0.5546048879623413	0.916484375	0.859375	0.8328125	0.8453125	0.8609375
623	1e-05	0.01	0.4872010052204132	0.5542541742324829	0.91640625	0.859375	0.8328125	0.8453125	0.8609375
624	1e-05	0.01	0.4868932366371155	0.5538825988769531	0.9165625	0.858984375	0.8328125	0.8453125	0.8609375
625	1e-05	0.01	0.4865880310535431	0.5535251498222351	0.91640625	0.858984375	0.8328125	0.8453125	0.8609375
626	1e-05	0.01	0.48628416657447815	0.5531727075576782	0.91640625	0.858984375	0.8328125	0.8453125	0.8609375
627	1e-05	0.01	0.4859828054904938	0.5528111457824707	0.916015625	0.858984375	0.8328125	0.8453125	0.8609375
628	1e-05	0.01	0.4856818914413452	0.5524604916572571	0.915859375	0.858984375	0.8328125	0.8453125	0.8609375
629	1e-05	0.01	0.48538124561309814	0.5521230697631836	0.916328125	0.85859375	0.8328125	0.8453125	0.8609375
630	1e-05	0.01	0.4850834012031555	0.5517765283584595	0.916328125	0.85859375	0.8328125	0.8453125	0.8609375
631	1e-05	0.01	0.4847874343395233	0.5514246225357056	0.916015625	0.858984375	0.8328125	0.8453125	0.8609375
632	1e-05	0.01	0.4844922721385956	0.551092803478241	0.91625	0.858984375	0.8328125	0.8453125	0.8609375
633	1e-05	0.01	0.48419907689094543	0.5507553815841675	0.91625	0.858984375	0.8328125	0.8453125	0.8609375
634	1e-05	0.01	0.4839068651199341	0.5504142642021179	0.916171875	0.858984375	0.8328125	0.8453125	0.8609375
635	1e-05	0.01	0.48361659049987793	0.550081193447113	0.91609375	0.858984375	0.8328125	0.8453125	0.8609375
636	1e-05	0.01	0.4833272099494934	0.549744725227356	0.916015625	0.858984375	0.8328125	0.8453125	0.8609375
637	1e-05	0.01	0.48303940892219543	0.5494113564491272	0.916171875	0.858984375	0.8328125	0.8453125	0.8609375
638	1e-05	0.01	0.48275047540664673	0.5490602254867554	0.916015625	0.858203125	0.8328125	0.8453125	0.8609375
639	1e-05	0.01	0.4824649691581726	0.5487312078475952	0.916015625	0.85859375	0.8328125	0.8453125	0.8609375
640	1e-05	0.01	0.48217999935150146	0.5483912825584412	0.915859375	0.858203125	0.8328125	0.8453125	0.8609375
641	1e-05	0.01	0.4818969666957855	0.5480677485466003	0.915859375	0.85859375	0.8328125	0.8453125	0.8609375
642	1e-05	0.01	0.4816150367259979	0.5477396845817566	0.915859375	0.85859375	0.8328125	0.8453125	0.8609375
643	1e-05	0.01	0.48133358359336853	0.5474005937576294	0.91578125	0.858203125	0.8328125	0.8453125	0.8609375
644	1e-05	0.01	0.4810543954372406	0.5470650792121887	0.915546875	0.858984375	0.8328125	0.8453125	0.8609375
645	1e-05	0.01	0.4807756841182709	0.5467394590377808	0.915546875	0.85859375	0.8328125	0.8453125	0.8609375
646	1e-05	0.01	0.48050013184547424	0.5464065670967102	0.9153125	0.858984375	0.8328125	0.8453125	0.8609375
647	1e-05	0.01	0.4802224040031433	0.5460923314094543	0.915625	0.858203125	0.8328125	0.8453125	0.8609375
648	1e-05	0.01	0.47994789481163025	0.5457674264907837	0.915390625	0.85859375	0.8328125	0.8453125	0.8609375
649	1e-05	0.01	0.4796738028526306	0.5454590916633606	0.915625	0.858203125	0.8328125	0.8453125	0.8609375
650	1e-05	0.01	0.4794018864631653	0.5451279878616333	0.915390625	0.85859375	0.8328125	0.8453125	0.8609375
651	1e-05	0.01	0.4791303873062134	0.5448195338249207	0.915625	0.858203125	0.8328125	0.8453125	0.8609375
652	1e-05	0.01	0.47886210680007935	0.5445181727409363	0.915546875	0.858203125	0.8328125	0.8453125	0.8609375
653	1e-05	0.01	0.4785929024219513	0.5441964864730835	0.915546875	0.85859375	0.8328125	0.8453125	0.8609375
654	1e-05	0.01	0.4783250689506531	0.5438777208328247	0.91546875	0.85859375	0.8328125	0.8453125	0.8609375
655	1e-05	0.01	0.47805991768836975	0.5435730814933777	0.915546875	0.858203125	0.8328125	0.8453125	0.8609375
656	1e-05	0.01	0.47779616713523865	0.5432681441307068	0.91546875	0.858203125	0.8328125	0.8453125	0.8609375
657	1e-05	0.01	0.47753143310546875	0.5429533123970032	0.915546875	0.858203125	0.8328125	0.8453125	0.8609375
658	1e-05	0.01	0.4772673547267914	0.5426346063613892	0.9153125	0.85859375	0.8328125	0.8453125	0.8609375
659	1e-05	0.01	0.4770057797431946	0.5423263311386108	0.9153125	0.85859375	0.8328125	0.8453125	0.8609375
660	1e-05	0.01	0.4767451584339142	0.5420184135437012	0.915234375	0.858203125	0.8328125	0.8453125	0.8609375
661	1e-05	0.01	0.4764859080314636	0.5417128801345825	0.915234375	0.858203125	0.8328125	0.8453125	0.8609375
662	1e-05	0.01	0.4762275218963623	0.5414064526557922	0.915234375	0.858203125	0.8328125	0.8453125	0.8609375
663	1e-05	0.01	0.47597023844718933	0.5410926938056946	0.915234375	0.858203125	0.8328125	0.8453125	0.8609375
664	1e-05	0.01	0.4757145047187805	0.5407878160476685	0.915234375	0.8578125	0.8328125	0.8453125	0.8609375
665	1e-05	0.01	0.47545990347862244	0.5404998064041138	0.915234375	0.858203125	0.8328125	0.8453125	0.8609375
666	1e-05	0.01	0.4752061367034912	0.5401922464370728	0.915	0.858203125	0.8328125	0.8453125	0.8609375
667	1e-05	0.01	0.474953830242157	0.5398955941200256	0.915	0.858203125	0.8328125	0.8453125	0.8609375
668	1e-05	0.01	0.4747026562690735	0.539599597454071	0.91484375	0.8578125	0.8328125	0.8453125	0.8609375
669	1e-05	0.01	0.47445282340049744	0.5393071174621582	0.914921875	0.8578125	0.8328125	0.8453125	0.8609375
670	1e-05	0.01	0.4742042124271393	0.5390151143074036	0.914921875	0.858203125	0.8328125	0.8453125	0.8609375
671	1e-05	0.01	0.4739573299884796	0.5387287139892578	0.915078125	0.8578125	0.8328125	0.8453125	0.8609375
672	1e-05	0.01	0.47370967268943787	0.538419246673584	0.914609375	0.8578125	0.8328125	0.8453125	0.8609375
673	1e-05	0.01	0.47346457839012146	0.5381383299827576	0.91484375	0.857421875	0.8328125	0.8453125	0.8609375
674	1e-05	0.01	0.47322022914886475	0.5378471612930298	0.91484375	0.85703125	0.8328125	0.8453125	0.8609375
675	1e-05	0.01	0.47297725081443787	0.537560224533081	0.91484375	0.85703125	0.8328125	0.8453125	0.8609375
676	1e-05	0.01	0.4727352261543274	0.5372742414474487	0.91484375	0.85703125	0.8328125	0.8453125	0.8609375
677	1e-05	0.01	0.4724939465522766	0.5369833707809448	0.914765625	0.85703125	0.8328125	0.8453125	0.8609375
678	1e-05	0.01	0.47225403785705566	0.5366967916488647	0.914453125	0.85703125	0.8328125	0.8453125	0.8609375
679	1e-05	0.01	0.4720151424407959	0.5364128947257996	0.914453125	0.85703125	0.8328125	0.8453125	0.8609375
680	1e-05	0.01	0.4717777371406555	0.5361344814300537	0.91453125	0.85703125	0.8328125	0.8453125	0.8609375
681	1e-05	0.01	0.47154149413108826	0.5358417630195618	0.914453125	0.8578125	0.8328125	0.8453125	0.8609375
682	1e-05	0.01	0.47130560874938965	0.5355655550956726	0.91453125	0.85703125	0.8328125	0.8453125	0.8609375
683	1e-05	0.01	0.4710712134838104	0.5352857708930969	0.914453125	0.85703125	0.8328125	0.8453125	0.8609375
684	1e-05	0.01	0.4708380103111267	0.5350183248519897	0.91453125	0.85703125	0.8328125	0.8453125	0.8609375
685	1e-05	0.01	0.47060567140579224	0.5347377061843872	0.914375	0.85703125	0.8328125	0.8453125	0.8609375
686	1e-05	0.01	0.4703747630119324	0.5344657897949219	0.914453125	0.85703125	0.8328125	0.8453125	0.8609375
687	1e-05	0.01	0.4701451063156128	0.5341959595680237	0.91421875	0.85703125	0.8328125	0.8453125	0.8609375
688	1e-05	0.01	0.46991631388664246	0.5339224934577942	0.914140625	0.85703125	0.8328125	0.8453125	0.8609375
689	1e-05	0.01	0.4696885645389557	0.5336493253707886	0.914140625	0.85703125	0.8328125	0.8453125	0.8609375
690	1e-05	0.01	0.4694623649120331	0.5333816409111023	0.914140625	0.85703125	0.8328125	0.8453125	0.8609375
691	1e-05	0.01	0.4692375063896179	0.5330954790115356	0.914140625	0.857421875	0.8328125	0.8453125	0.8609375
692	1e-05	0.01	0.4690130352973938	0.532840371131897	0.914140625	0.85703125	0.8328125	0.8453125	0.8609375
693	1e-05	0.01	0.46879035234451294	0.5325716733932495	0.914140625	0.85703125	0.8328125	0.8453125	0.8609375
694	1e-05	0.01	0.46856918931007385	0.53230220079422	0.914296875	0.85703125	0.8328125	0.8453125	0.8609375
695	1e-05	0.01	0.46834906935691833	0.5320395231246948	0.914296875	0.85703125	0.8328125	0.8453125	0.8609375
696	1e-05	0.01	0.46813061833381653	0.5317732095718384	0.914140625	0.85703125	0.8328125	0.8453125	0.8609375
697	1e-05	0.01	0.46791282296180725	0.5315135717391968	0.914140625	0.85703125	0.8328125	0.8453125	0.8609375
698	1e-05	0.01	0.46769675612449646	0.5312516093254089	0.913828125	0.857421875	0.8328125	0.8453125	0.8609375
699	1e-05	0.01	0.4674829840660095	0.5309872627258301	0.9134375	0.857421875	0.8328125	0.8453125	0.8609375
700	1e-05	0.01	0.46726760268211365	0.5307356119155884	0.91359375	0.857421875	0.8328125	0.8453125	0.8609375
701	1e-05	0.01	0.4670543670654297	0.5304832458496094	0.913671875	0.85703125	0.8328125	0.8453125	0.8609375
702	1e-05	0.01	0.4668426513671875	0.5302325487136841	0.913671875	0.85703125	0.8328125	0.8453125	0.8609375
703	1e-05	0.01	0.46663275361061096	0.5299752950668335	0.913359375	0.857421875	0.8328125	0.8453125	0.8609375
704	1e-05	0.01	0.4664231538772583	0.529732346534729	0.91359375	0.85703125	0.8328125	0.8453125	0.8609375
705	1e-05	0.01	0.46621638536453247	0.5294947624206543	0.913671875	0.85703125	0.8328125	0.8453125	0.8609375
706	1e-05	0.01	0.46600914001464844	0.5292394757270813	0.91375	0.856640625	0.8328125	0.8453125	0.8609375
707	1e-05	0.01	0.4658041298389435	0.5289961695671082	0.913515625	0.856640625	0.8328125	0.8453125	0.8609375
708	1e-05	0.01	0.46559974551200867	0.5287463665008545	0.9134375	0.856640625	0.8328125	0.8453125	0.8609375
709	1e-05	0.01	0.4653968811035156	0.528497040271759	0.91328125	0.85703125	0.8328125	0.8453125	0.8609375
710	1e-05	0.01	0.4651953876018524	0.5282541513442993	0.913203125	0.85703125	0.8328125	0.8453125	0.8609375
711	1e-05	0.01	0.46499574184417725	0.5280040502548218	0.913125	0.85703125	0.8328125	0.8453125	0.8609375
712	1e-05	0.01	0.4647964537143707	0.5277715921401978	0.91296875	0.85703125	0.8328125	0.8453125	0.8609375
713	1e-05	0.01	0.4645988345146179	0.5275300145149231	0.913125	0.85703125	0.8328125	0.8453125	0.8609375
714	1e-05	0.01	0.46440285444259644	0.5272888541221619	0.913125	0.856640625	0.8328125	0.8453125	0.8609375
715	1e-05	0.01	0.4642069935798645	0.5270586013793945	0.91296875	0.85703125	0.8328125	0.8453125	0.8609375
716	1e-05	0.01	0.46401336789131165	0.5268186330795288	0.91296875	0.856640625	0.8328125	0.8453125	0.8609375
717	1e-05	0.01	0.46382081508636475	0.5265828371047974	0.91296875	0.85703125	0.8328125	0.8453125	0.8609375
718	1e-05	0.01	0.4636283814907074	0.526353657245636	0.91296875	0.856640625	0.8328125	0.8453125	0.8609375
719	1e-05	0.01	0.46343737840652466	0.526127278804779	0.9128125	0.856640625	0.8328125	0.8453125	0.8609375
720	1e-05	0.01	0.4632481634616852	0.5259060859680176	0.9128125	0.856640625	0.8328125	0.8453125	0.8609375
721	1e-05	0.01	0.4630597233772278	0.5256759524345398	0.91265625	0.856640625	0.8328125	0.8453125	0.8609375
722	1e-05	0.01	0.46287235617637634	0.5254412889480591	0.912734375	0.85625	0.8328125	0.8453125	0.8609375
723	1e-05	0.01	0.4626862406730652	0.5252164602279663	0.91265625	0.856640625	0.8328125	0.8453125	0.8609375
724	1e-05	0.01	0.46250125765800476	0.524990439414978	0.912734375	0.85625	0.8328125	0.8453125	0.8609375
725	1e-05	0.01	0.4623180329799652	0.5247805714607239	0.912734375	0.856640625	0.8328125	0.8453125	0.8609375
726	1e-05	0.01	0.46213454008102417	0.5245507955551147	0.91234375	0.856640625	0.8328125	0.8453125	0.8609375
727	1e-05	0.01	0.4619525074958801	0.5243266224861145	0.91234375	0.85625	0.8328125	0.8453125	0.8609375
728	1e-05	0.01	0.4617718756198883	0.5241015553474426	0.912734375	0.85625	0.8328125	0.8453125	0.8609375
729	1e-05	0.01	0.4615921080112457	0.5238860249519348	0.91234375	0.85625	0.8328125	0.8453125	0.8609375
730	1e-05	0.01	0.46141335368156433	0.5236717462539673	0.9121875	0.856640625	0.8328125	0.8453125	0.8609375
731	1e-05	0.01	0.46123573184013367	0.5234555602073669	0.912265625	0.856640625	0.8328125	0.8453125	0.8609375
732	1e-05	0.01	0.46105992794036865	0.5232268571853638	0.91265625	0.85625	0.8328125	0.8453125	0.8609375
733	1e-05	0.01	0.4608839452266693	0.5230135917663574	0.91265625	0.855859375	0.8328125	0.8453125	0.8609375
734	1e-05	0.01	0.46070870757102966	0.5228034853935242	0.9125	0.855859375	0.8328125	0.8453125	0.8609375
735	1e-05	0.01	0.4605359733104706	0.5225861668586731	0.912578125	0.85625	0.8328125	0.8453125	0.8609375
736	1e-05	0.01	0.46036234498023987	0.5223815441131592	0.91234375	0.855859375	0.8328125	0.8453125	0.8609375
737	1e-05	0.01	0.46019065380096436	0.5221770405769348	0.9121875	0.855859375	0.8328125	0.8453125	0.8609375
738	1e-05	0.01	0.46002036333084106	0.5219630599021912	0.91234375	0.855859375	0.8328125	0.8453125	0.8609375
739	1e-05	0.01	0.45985114574432373	0.5217522978782654	0.912421875	0.855859375	0.8328125	0.8453125	0.8609375
740	1e-05	0.01	0.4596819281578064	0.5215529799461365	0.9121875	0.855859375	0.8328125	0.8453125	0.8609375
741	1e-05	0.01	0.4595147371292114	0.5213412046432495	0.912265625	0.855859375	0.8328125	0.8453125	0.8609375
742	1e-05	0.01	0.45934775471687317	0.5211439728736877	0.9121875	0.855859375	0.8328125	0.8453125	0.8609375
743	1e-05	0.01	0.4591820538043976	0.5209356546401978	0.912265625	0.855859375	0.8328125	0.8453125	0.8609375
744	1e-05	0.01	0.45901763439178467	0.5207311511039734	0.912265625	0.855859375	0.8328125	0.8453125	0.8609375
745	1e-05	0.01	0.4588535726070404	0.5205315351486206	0.912265625	0.855859375	0.8328125	0.8453125	0.8609375
746	1e-05	0.01	0.45869019627571106	0.5203326940536499	0.9121875	0.855859375	0.8328125	0.8453125	0.8609375
747	1e-05	0.01	0.4585280120372772	0.520138144493103	0.912109375	0.855859375	0.8328125	0.8453125	0.8609375
748	1e-05	0.01	0.45836734771728516	0.5199288129806519	0.912109375	0.855859375	0.8328125	0.8453125	0.8609375
749	1e-05	0.01	0.45820626616477966	0.5197336673736572	0.912109375	0.855859375	0.8328125	0.8453125	0.8609375
750	1e-05	0.01	0.45804619789123535	0.5195409059524536	0.91203125	0.855859375	0.8328125	0.8453125	0.8609375
751	1e-05	0.01	0.4578872323036194	0.5193461179733276	0.91203125	0.855859375	0.8328125	0.8453125	0.8609375
752	1e-05	0.01	0.4577290713787079	0.5191494822502136	0.91203125	0.855859375	0.8328125	0.8453125	0.8609375
753	1e-05	0.01	0.4575718641281128	0.5189510583877563	0.911796875	0.855859375	0.8328125	0.8453125	0.8609375
754	1e-05	0.01	0.45741528272628784	0.5187644362449646	0.91203125	0.855859375	0.8328125	0.8453125	0.8609375
755	1e-05	0.01	0.45726004242897034	0.5185765027999878	0.9121875	0.85546875	0.8328125	0.8453125	0.8609375
756	1e-05	0.01	0.45710715651512146	0.5183957815170288	0.91203125	0.85625	0.8328125	0.8453125	0.8609375
757	1e-05	0.01	0.45695191621780396	0.5181986093521118	0.91203125	0.85625	0.8328125	0.8453125	0.8609375
758	1e-05	0.01	0.45679786801338196	0.5179947018623352	0.911640625	0.855859375	0.8328125	0.8453125	0.8609375
759	1e-05	0.01	0.456645667552948	0.5178124308586121	0.911875	0.85546875	0.8328125	0.8453125	0.8609375
760	1e-05	0.01	0.4564943015575409	0.5176271200180054	0.91171875	0.85546875	0.8328125	0.8453125	0.8609375
761	1e-05	0.01	0.45634305477142334	0.5174345970153809	0.91171875	0.855859375	0.8328125	0.8453125	0.8609375
762	1e-05	0.01	0.4561929404735565	0.517245888710022	0.911640625	0.855859375	0.8328125	0.8453125	0.8609375
763	1e-05	0.01	0.4560436010360718	0.5170577168464661	0.9115625	0.855859375	0.8328125	0.8453125	0.8609375
764	1e-05	0.01	0.4558950662612915	0.5168797969818115	0.911796875	0.85546875	0.8328125	0.8453125	0.8609375
765	1e-05	0.01	0.45574751496315	0.5166972279548645	0.911640625	0.85546875	0.8328125	0.8453125	0.8609375
766	1e-05	0.01	0.45560020208358765	0.5165084004402161	0.911640625	0.855859375	0.8328125	0.8453125	0.8609375
767	1e-05	0.01	0.45545417070388794	0.5163320899009705	0.911640625	0.85546875	0.8328125	0.8453125	0.8609375
768	1e-05	0.01	0.45530930161476135	0.5161571502685547	0.91171875	0.855859375	0.8328125	0.8453125	0.8609375
769	1e-05	0.01	0.45516344904899597	0.5159685015678406	0.911484375	0.85546875	0.8328125	0.8453125	0.8609375
770	1e-05	0.01	0.4550197124481201	0.5157763361930847	0.911171875	0.85546875	0.8328125	0.8453125	0.8609375
771	1e-05	0.01	0.45487552881240845	0.515603244304657	0.91125	0.85546875	0.8328125	0.8453125	0.8609375
772	1e-05	0.01	0.454733282327652	0.515419602394104	0.91109375	0.85546875	0.8328125	0.8453125	0.8609375
773	1e-05	0.01	0.45459088683128357	0.5152468681335449	0.911171875	0.85546875	0.8328125	0.8453125	0.8609375
774	1e-05	0.01	0.45444953441619873	0.515074610710144	0.911171875	0.85546875	0.8328125	0.8453125	0.8609375
775	1e-05	0.01	0.4543093144893646	0.5149021148681641	0.911328125	0.85546875	0.8328125	0.8453125	0.8609375
776	1e-05	0.01	0.4541693925857544	0.5147258043289185	0.91125	0.85546875	0.8328125	0.8453125	0.8609375
777	1e-05	0.01	0.45403021574020386	0.5145450830459595	0.911171875	0.85546875	0.8328125	0.8453125	0.8609375
778	1e-05	0.01	0.4538920223712921	0.5143779516220093	0.911171875	0.85546875	0.8328125	0.8453125	0.8609375
779	1e-05	0.01	0.45375439524650574	0.5141956210136414	0.91109375	0.85546875	0.8328125	0.8453125	0.8609375
780	1e-05	0.01	0.45361724495887756	0.5140266418457031	0.911171875	0.85546875	0.8328125	0.8453125	0.8609375
781	1e-05	0.01	0.4534812271595001	0.5138521790504456	0.911015625	0.85546875	0.8328125	0.8453125	0.8609375
782	1e-05	0.01	0.4533454179763794	0.513684093952179	0.911015625	0.85546875	0.8328125	0.8453125	0.8609375
783	1e-05	0.01	0.4532102942466736	0.5135170817375183	0.911015625	0.855078125	0.8328125	0.8453125	0.8609375
784	1e-05	0.01	0.45307648181915283	0.5133547782897949	0.911171875	0.8546875	0.8328125	0.8453125	0.8609375
785	1e-05	0.01	0.452942430973053	0.5131802558898926	0.911015625	0.855078125	0.8328125	0.8453125	0.8609375
786	1e-05	0.01	0.4528096318244934	0.5130078792572021	0.910859375	0.855859375	0.8328125	0.8453125	0.8609375
787	1e-05	0.01	0.45267757773399353	0.5128387212753296	0.910859375	0.855859375	0.8328125	0.8453125	0.8609375
788	1e-05	0.01	0.452546089887619	0.5126717686653137	0.910859375	0.855859375	0.8328125	0.8453125	0.8609375
789	1e-05	0.01	0.4524146318435669	0.5125093460083008	0.910703125	0.855859375	0.8328125	0.8453125	0.8609375
790	1e-05	0.01	0.4522853195667267	0.5123605728149414	0.9109375	0.855078125	0.8328125	0.8453125	0.8609375
791	1e-05	0.01	0.4521552324295044	0.5121942758560181	0.910859375	0.855078125	0.8328125	0.8453125	0.8609375
792	1e-05	0.01	0.45202597975730896	0.5120304226875305	0.910859375	0.8546875	0.8328125	0.8453125	0.8609375
793	1e-05	0.01	0.45189690589904785	0.5118612051010132	0.91078125	0.8546875	0.8328125	0.8453125	0.8609375
794	1e-05	0.01	0.4517691135406494	0.5116974115371704	0.910625	0.85546875	0.8328125	0.8453125	0.8609375
795	1e-05	0.01	0.45164188742637634	0.5115352869033813	0.910546875	0.85546875	0.8328125	0.8453125	0.8609375
796	1e-05	0.01	0.4515155851840973	0.5113818049430847	0.910625	0.8546875	0.8328125	0.8453125	0.8609375
797	1e-05	0.01	0.45138946175575256	0.5112113952636719	0.910390625	0.855859375	0.8328125	0.8453125	0.8609375
798	1e-05	0.01	0.45126402378082275	0.5110622644424438	0.91078125	0.855078125	0.8328125	0.8453125	0.8609375
799	1e-05	0.01	0.4511392116546631	0.5108983516693115	0.910546875	0.85546875	0.8328125	0.8453125	0.8609375
800	1e-05	0.01	0.4510153532028198	0.5107410550117493	0.910546875	0.85546875	0.8328125	0.8453125	0.8609375
801	1e-05	0.01	0.4508920907974243	0.5105830430984497	0.9103125	0.85546875	0.8328125	0.8453125	0.8609375
802	1e-05	0.01	0.4507695734500885	0.51042640209198	0.910390625	0.85546875	0.8328125	0.8453125	0.8609375
803	1e-05	0.01	0.4506474733352661	0.5102739334106445	0.9103125	0.855078125	0.8328125	0.8453125	0.8609375
804	1e-05	0.01	0.45052626729011536	0.5101181268692017	0.910390625	0.85546875	0.8328125	0.8453125	0.8609375
805	1e-05	0.01	0.4504055678844452	0.5099679231643677	0.9103125	0.855078125	0.8328125	0.8453125	0.8609375
806	1e-05	0.01	0.4502861499786377	0.5098241567611694	0.910546875	0.85546875	0.8328125	0.8453125	0.8609375
807	1e-05	0.01	0.45016634464263916	0.5096602439880371	0.910390625	0.855078125	0.8328125	0.8453125	0.8609375
808	1e-05	0.01	0.45004841685295105	0.5095037221908569	0.9103125	0.855078125	0.8328125	0.8453125	0.8609375
809	1e-05	0.01	0.44992953538894653	0.5093609094619751	0.91015625	0.855078125	0.8328125	0.8453125	0.8609375
810	1e-05	0.01	0.4498123526573181	0.5092085003852844	0.910390625	0.855078125	0.8328125	0.8453125	0.8609375
811	1e-05	0.01	0.4496956169605255	0.5090597867965698	0.910390625	0.855078125	0.8328125	0.8453125	0.8609375
812	1e-05	0.01	0.4495794177055359	0.5089129209518433	0.91015625	0.855078125	0.8328125	0.8453125	0.8609375
813	1e-05	0.01	0.44946375489234924	0.5087692737579346	0.91	0.855078125	0.8328125	0.8453125	0.8609375
814	1e-05	0.01	0.449349045753479	0.5086184144020081	0.91015625	0.854296875	0.8328125	0.8453125	0.8609375
815	1e-05	0.01	0.4492349922657013	0.5084700584411621	0.910234375	0.8546875	0.8328125	0.8453125	0.8609375
816	1e-05	0.01	0.44912105798721313	0.508330225944519	0.91	0.855078125	0.8328125	0.8453125	0.8609375
817	1e-05	0.01	0.44900816679000854	0.5081833600997925	0.910078125	0.854296875	0.8328125	0.8453125	0.8609375
818	1e-05	0.01	0.4488956928253174	0.5080414414405823	0.91	0.855078125	0.8328125	0.8453125	0.8609375
819	1e-05	0.01	0.4487839639186859	0.5078954100608826	0.91	0.854296875	0.8328125	0.8453125	0.8609375
820	1e-05	0.01	0.44867274165153503	0.5077524781227112	0.91	0.854296875	0.8328125	0.8453125	0.8609375
821	1e-05	0.01	0.4485621750354767	0.5076165795326233	0.909921875	0.855078125	0.8328125	0.8453125	0.8609375
822	1e-05	0.01	0.4484521150588989	0.5074710845947266	0.90984375	0.854296875	0.8328125	0.8453125	0.8609375
823	1e-05	0.01	0.44834479689598083	0.5073487162590027	0.910234375	0.85546875	0.8328125	0.8453125	0.8609375
824	1e-05	0.01	0.44823411107063293	0.5071972608566284	0.9096875	0.85546875	0.8328125	0.8453125	0.8609375
825	1e-05	0.01	0.4481256902217865	0.5070536136627197	0.909765625	0.854296875	0.8328125	0.8453125	0.8609375
826	1e-05	0.01	0.4480181634426117	0.5069177746772766	0.9096875	0.855078125	0.8328125	0.8453125	0.8609375
827	1e-05	0.01	0.4479110836982727	0.5067731738090515	0.90984375	0.854296875	0.8328125	0.8453125	0.8609375
828	1e-05	0.01	0.4478043019771576	0.50664222240448	0.9096875	0.855078125	0.8328125	0.8453125	0.8609375
829	1e-05	0.01	0.44769829511642456	0.5065041780471802	0.9096875	0.854296875	0.8328125	0.8453125	0.8609375
830	1e-05	0.01	0.44759297370910645	0.5063665509223938	0.909765625	0.854296875	0.8328125	0.8453125	0.8609375
831	1e-05	0.01	0.44748833775520325	0.5062265396118164	0.909375	0.854296875	0.8328125	0.8453125	0.8609375
832	1e-05	0.01	0.4473836421966553	0.5060959458351135	0.9096875	0.854296875	0.8328125	0.8453125	0.8609375
833	1e-05	0.01	0.44728073477745056	0.5059552192687988	0.90921875	0.854296875	0.8328125	0.8453125	0.8609375
834	1e-05	0.01	0.4471771717071533	0.5058228969573975	0.90921875	0.8546875	0.8328125	0.8453125	0.8609375
835	1e-05	0.01	0.44707444310188293	0.5056907534599304	0.909140625	0.8546875	0.8328125	0.8453125	0.8609375
836	1e-05	0.01	0.44697296619415283	0.5055553317070007	0.9090625	0.854296875	0.8328125	0.8453125	0.8609375
837	1e-05	0.01	0.4468702971935272	0.5054384469985962	0.9096875	0.85546875	0.8328125	0.8453125	0.8609375
838	1e-05	0.01	0.446769118309021	0.5053027272224426	0.909296875	0.854296875	0.8328125	0.8453125	0.8609375
839	1e-05	0.01	0.44666916131973267	0.5051671266555786	0.90921875	0.854296875	0.8328125	0.8453125	0.8609375
840	1e-05	0.01	0.4465689957141876	0.5050386786460876	0.909140625	0.854296875	0.8328125	0.8453125	0.8609375
841	1e-05	0.01	0.4464693069458008	0.5049124956130981	0.90921875	0.854296875	0.8328125	0.8453125	0.8609375
842	1e-05	0.01	0.4463701546192169	0.5047870874404907	0.909140625	0.854296875	0.8328125	0.8453125	0.8609375
843	1e-05	0.01	0.44627171754837036	0.5046573877334595	0.909140625	0.854296875	0.8328125	0.8453125	0.8609375
844	1e-05	0.01	0.446173757314682	0.5045313239097595	0.909140625	0.854296875	0.8328125	0.8453125	0.8609375
845	1e-05	0.01	0.4460761249065399	0.5044039487838745	0.9090625	0.854296875	0.8328125	0.8453125	0.8609375
846	1e-05	0.01	0.4459798336029053	0.5042721033096313	0.908828125	0.8546875	0.8328125	0.8453125	0.8609375
847	1e-05	0.01	0.44588372111320496	0.5041450262069702	0.90890625	0.8546875	0.8328125	0.8453125	0.8609375
848	1e-05	0.01	0.4457867741584778	0.5040252208709717	0.908984375	0.85390625	0.8328125	0.8453125	0.8609375
849	1e-05	0.01	0.44569119811058044	0.5039089918136597	0.908984375	0.8546875	0.8328125	0.8453125	0.8609375
850	1e-05	0.01	0.4455965757369995	0.5037894248962402	0.90921875	0.8546875	0.8328125	0.8453125	0.8609375
851	1e-05	0.01	0.4455018639564514	0.503665566444397	0.9090625	0.8546875	0.8328125	0.8453125	0.8609375
852	1e-05	0.01	0.44540727138519287	0.5035353899002075	0.908984375	0.854296875	0.8328125	0.8453125	0.8609375
853	1e-05	0.01	0.44531387090682983	0.5034089088439941	0.90890625	0.85390625	0.8328125	0.8453125	0.8609375
854	1e-05	0.01	0.44522175192832947	0.5032817125320435	0.90875	0.8546875	0.8328125	0.8453125	0.8609375
855	1e-05	0.01	0.44512778520584106	0.5031701922416687	0.9090625	0.85390625	0.8328125	0.8453125	0.8609375
856	1e-05	0.01	0.4450356960296631	0.503052830696106	0.90890625	0.8546875	0.8328125	0.8453125	0.8609375
857	1e-05	0.01	0.44494402408599854	0.5029261112213135	0.908828125	0.85390625	0.8328125	0.8453125	0.8609375
858	1e-05	0.01	0.44485294818878174	0.5028164982795715	0.908828125	0.8546875	0.8328125	0.8453125	0.8609375
859	1e-05	0.01	0.44476214051246643	0.5026867985725403	0.908671875	0.854296875	0.8328125	0.8453125	0.8609375
860	1e-05	0.01	0.44467198848724365	0.5025679469108582	0.908671875	0.854296875	0.8328125	0.8453125	0.8609375
861	1e-05	0.01	0.4445817470550537	0.5024527311325073	0.908828125	0.85390625	0.8328125	0.8453125	0.8609375
862	1e-05	0.01	0.4444929361343384	0.5023318529129028	0.908671875	0.854296875	0.8328125	0.8453125	0.8609375
863	1e-05	0.01	0.444403737783432	0.5022169947624207	0.908671875	0.854296875	0.8328125	0.8453125	0.8609375
864	1e-05	0.01	0.4443154036998749	0.5021019577980042	0.908671875	0.854296875	0.8328125	0.8453125	0.8609375
865	1e-05	0.01	0.4442274570465088	0.501994252204895	0.908671875	0.8546875	0.8328125	0.8453125	0.8609375
866	1e-05	0.01	0.4441397786140442	0.5018764734268188	0.90875	0.854296875	0.8328125	0.8453125	0.8609375
867	1e-05	0.01	0.4440528154373169	0.5017589330673218	0.908671875	0.85390625	0.8328125	0.8453125	0.8609375
868	1e-05	0.01	0.4439662992954254	0.5016427040100098	0.908671875	0.854296875	0.8328125	0.8453125	0.8609375
869	1e-05	0.01	0.44388043880462646	0.5015278458595276	0.90859375	0.854296875	0.8328125	0.8453125	0.8609375
870	1e-05	0.01	0.44379425048828125	0.5014238357543945	0.90859375	0.854296875	0.8328125	0.8453125	0.8609375
871	1e-05	0.01	0.4437088370323181	0.5013099908828735	0.908671875	0.854296875	0.8328125	0.8453125	0.8609375
872	1e-05	0.01	0.44362396001815796	0.5011992454528809	0.90859375	0.854296875	0.8328125	0.8453125	0.8609375
873	1e-05	0.01	0.4435396194458008	0.5010844469070435	0.90859375	0.854296875	0.8328125	0.8453125	0.8609375
874	1e-05	0.01	0.44345587491989136	0.5009800791740417	0.9084375	0.854296875	0.8328125	0.8453125	0.8609375
875	1e-05	0.01	0.4433721899986267	0.5008695721626282	0.9084375	0.854296875	0.8328125	0.8453125	0.8609375
876	1e-05	0.01	0.4432891011238098	0.500758945941925	0.9084375	0.854296875	0.8328125	0.8453125	0.8609375
877	1e-05	0.01	0.44320669770240784	0.5006421804428101	0.908515625	0.854296875	0.8328125	0.8453125	0.8609375
878	1e-05	0.01	0.44312435388565063	0.5005404353141785	0.9084375	0.854296875	0.8328125	0.8453125	0.8609375
879	1e-05	0.01	0.4430426359176636	0.5004327297210693	0.9084375	0.854296875	0.8328125	0.8453125	0.8609375
880	1e-05	0.01	0.4429614245891571	0.5003256797790527	0.9084375	0.854296875	0.8328125	0.8453125	0.8609375
881	1e-05	0.01	0.44288066029548645	0.5002185106277466	0.9084375	0.854296875	0.8328125	0.8453125	0.8609375
882	1e-05	0.01	0.4428001642227173	0.5001105070114136	0.9084375	0.8546875	0.8328125	0.8453125	0.8609375
883	1e-05	0.01	0.4427204132080078	0.4999980032444	0.908203125	0.854296875	0.8328125	0.8453125	0.8609375
884	1e-05	0.01	0.4426409900188446	0.4999051094055176	0.908359375	0.854296875	0.8328125	0.8453125	0.8609375
885	1e-05	0.01	0.4425613284111023	0.49979057908058167	0.908203125	0.854296875	0.8328125	0.8453125	0.8609375
886	1e-05	0.01	0.44248270988464355	0.4996829926967621	0.908203125	0.854296875	0.8328125	0.8453125	0.8609375
887	1e-05	0.01	0.4424046576023102	0.4995765686035156	0.90828125	0.854296875	0.8328125	0.8453125	0.8609375
888	1e-05	0.01	0.44232627749443054	0.49948519468307495	0.908359375	0.854296875	0.8328125	0.8453125	0.8609375
889	1e-05	0.01	0.44224846363067627	0.4993771016597748	0.908046875	0.8546875	0.8328125	0.8453125	0.8609375
890	1e-05	0.01	0.44217124581336975	0.49927252531051636	0.908125	0.854296875	0.8328125	0.8453125	0.8609375
891	1e-05	0.01	0.4420945644378662	0.4991769790649414	0.908203125	0.8546875	0.8328125	0.8453125	0.8609375
892	1e-05	0.01	0.4420181214809418	0.499075710773468	0.908203125	0.8546875	0.8328125	0.8453125	0.8609375
893	1e-05	0.01	0.4419427514076233	0.49897998571395874	0.908046875	0.854296875	0.8328125	0.8453125	0.8609375
894	1e-05	0.01	0.4418662190437317	0.4988718628883362	0.90796875	0.8546875	0.8328125	0.8453125	0.8609375
895	1e-05	0.01	0.44179144501686096	0.4987768232822418	0.908125	0.854296875	0.8328125	0.8453125	0.8609375
896	1e-05	0.01	0.44171592593193054	0.49866580963134766	0.908046875	0.854296875	0.8328125	0.8453125	0.8609375
897	1e-05	0.01	0.4416411519050598	0.4985691010951996	0.907890625	0.8546875	0.8328125	0.8453125	0.8609375
898	1e-05	0.01	0.44156691431999207	0.49847036600112915	0.90796875	0.8546875	0.8328125	0.8453125	0.8609375
899	1e-05	0.01	0.4414933919906616	0.49837756156921387	0.908125	0.8546875	0.8328125	0.8453125	0.8609375
900	1e-05	0.01	0.4414197504520416	0.4982767701148987	0.907890625	0.8546875	0.8328125	0.8453125	0.8609375
901	1e-05	0.01	0.44134658575057983	0.4981759488582611	0.90796875	0.8546875	0.8328125	0.8453125	0.8609375
902	1e-05	0.01	0.44127410650253296	0.4980738162994385	0.907890625	0.854296875	0.8328125	0.8453125	0.8609375
903	1e-05	0.01	0.4412018656730652	0.49797677993774414	0.907890625	0.854296875	0.8328125	0.8453125	0.8609375
904	1e-05	0.01	0.44113102555274963	0.49787506461143494	0.90796875	0.854296875	0.8328125	0.8453125	0.8609375
905	1e-05	0.01	0.4410589635372162	0.49778062105178833	0.90796875	0.854296875	0.8328125	0.8453125	0.8609375
906	1e-05	0.01	0.44098687171936035	0.4976979196071625	0.9078125	0.8546875	0.8328125	0.8453125	0.8609375
907	1e-05	0.01	0.4409162104129791	0.4975920617580414	0.907890625	0.854296875	0.8328125	0.8453125	0.8609375
908	1e-05	0.01	0.44084563851356506	0.4974977374076843	0.907890625	0.854296875	0.8328125	0.8453125	0.8609375
909	1e-05	0.01	0.440775066614151	0.4974099099636078	0.9078125	0.8546875	0.8328125	0.8453125	0.8609375
910	1e-05	0.01	0.44070547819137573	0.4973112940788269	0.907890625	0.854296875	0.8328125	0.8453125	0.8609375
911	1e-05	0.01	0.4406359791755676	0.49722784757614136	0.907734375	0.8546875	0.8328125	0.8453125	0.8609375
912	1e-05	0.01	0.4405665695667267	0.49713000655174255	0.907734375	0.8546875	0.8328125	0.8453125	0.8609375
913	1e-05	0.01	0.44049781560897827	0.4970380663871765	0.90765625	0.8546875	0.8328125	0.8453125	0.8609375
914	1e-05	0.01	0.44042956829071045	0.4969491958618164	0.907734375	0.8546875	0.8328125	0.8453125	0.8609375
